Index,Bzs_mean,Bys_mean,Bxs_mean,motor_positions
0,975.8502008032128,1247.5413654618474,56.73614457831326,-69559
1,1018.6396,1268.1152,56.28040000000001,-68561
2,1062.1336,1288.5136,56.1704,-67560
3,1107.1324,1308.9604,55.849199999999996,-66558
4,1154.9516,1331.1583999999998,56.8392,-65562
5,1204.1788000000001,1352.0847999999999,56.2584,-64562
6,1256.0328,1372.2852000000003,56.606,-63561
7,1306.4876000000002,1390.7476000000001,56.166,-62562
8,1361.8704,1409.6016000000002,56.64560000000001,-61559
9,1420.2451999999998,1427.668,56.474,-60563
10,1480.1292,1445.114,56.0252,-59560
11,1541.8084000000001,1461.086,56.0032,-58561
12,1604.4512000000002,1474.0264000000004,55.756800000000005,-57562
13,1670.7504,1487.1868,56.0516,-56560
14,1738.902,1497.2452000000003,56.3684,-55563
15,1808.5628000000002,1503.9552,55.75240000000001,-54561
16,1880.8856,1508.3816000000002,55.616,-53559
17,1952.038,1510.9071999999999,55.308,-52560
18,2028.5143999999998,1508.8656,54.8196,-51562
19,2106.4911646586347,1504.0445783132532,54.83654618473896,-50561
20,2184.1555999999996,1496.1188,54.22560000000001,-49559
21,2260.8476,1483.2972,53.83840000000001,-48567
22,2342.0144000000005,1463.682,53.6932,-47560
23,2421.188,1440.6083999999998,53.06840000000001,-46561
24,2500.3044000000004,1410.2484,51.9244,-45560
25,2578.1888000000004,1375.7568,52.214800000000004,-44561
26,2652.342,1337.1644000000001,51.660399999999996,-43561
27,2726.3742971887555,1291.5987951807228,51.01084337349398,-42559
28,2796.9392000000003,1240.1884000000002,51.1896,-41559
29,2863.4275999999995,1183.688,49.78600000000001,-40562
30,2924.8867999999998,1122.6512,49.244800000000005,-39560
31,2980.6876,1058.178,49.491200000000006,-38563
32,3033.6988,986.436,47.53320000000001,-37558
33,3078.1652000000004,915.2528000000001,46.6004,-36566
34,3117.2812000000004,841.544,46.002,-35560
35,3149.784,764.9576000000001,45.44760000000001,-34560
36,3175.634,688.7012,44.1012,-33561
37,3193.6608,613.1576,42.495200000000004,-32561
38,3207.9652,540.43,42.3412,-31561
39,3215.3307999999997,467.28,40.6252,-30565
40,3217.6584,396.704,39.3272,-29565
41,3215.7004,329.89880000000005,38.434,-28559
42,3209.4392000000003,265.83480000000003,36.806,-27561
43,3200.362,207.35440000000003,35.97,-26562
44,3188.6360000000004,152.59640000000002,34.562,-25559
45,3174.7583999999997,100.0384,32.3048,-24560
46,3158.0251999999996,49.5968,31.4028,-23565
47,3141.8684,6.063200000000001,29.845200000000002,-22560
48,3125.316465863454,-35.28835341365462,28.2421686746988,-21559
49,3107.0732000000003,-73.99479999999998,26.853199999999998,-20560
50,3089.79,-109.6524,25.278,-19560
51,3072.9468,-142.3048,24.684,-18558
52,3057.1915662650604,-172.76626506024098,22.80401606425703,-17562
53,3041.148,-202.906,20.0948,-16559
54,3026.5663999999997,-229.7108,19.109200000000005,-15558
55,3014.8536,-255.1252,17.4724,-14560
56,3004.1616,-279.554,15.4132,-13560
57,2994.3848000000003,-304.48440000000005,12.9976,-12562
58,2986.5352000000003,-327.074,12.7512,-11559
59,2979.2532,-350.4644,10.8636,-10559
60,2973.916,-371.8484,8.659199999999998,-9562
61,2970.8756000000003,-394.71520000000004,6.5164,-8562
62,2968.8472,-416.69320000000005,5.3856,-7563
63,2967.7912,-440.3872,3.0536,-6560
64,2968.7328,-465.33080000000007,1.0692000000000004,-5558
65,2971.9756,-489.35040000000004,-0.3564,-4559
66,2974.686,-516.6832,-2.3848000000000003,-3561
67,2979.833734939759,-543.9522088353414,-3.591566265060241,-2560
68,2984.8588,-575.0272000000001,-5.588000000000001,-1560
69,2990.1784,-605.6071999999999,-8.0212,-560
70,2997.0336,-640.2352000000001,-8.8352,439
71,3003.6908000000003,-676.9004,-11.33,1439
72,3010.2644000000005,-714.8152,-13.270400000000002,2436
73,3015.8819277108437,-756.4200803212852,-15.139357429718874,3438
74,3021.0092,-800.36,-16.17,4434
75,3023.7020000000007,-846.0408,-18.739600000000003,5434
76,3025.5412,-895.6772000000001,-21.168400000000002,6432
77,3024.0936000000006,-949.5376000000001,-22.514800000000005,7439
78,3020.5912000000003,-1004.2912,-25.744400000000002,8436
79,3013.6875999999997,-1061.2623999999998,-27.354800000000004,9440
80,3003.0924,-1120.1608,-30.192800000000002,10436
81,2987.3624000000004,-1180.1064000000001,-32.15520000000001,11438
82,2966.414,-1242.1067999999998,-34.3684,12439
83,2941.2944,-1304.8683999999998,-36.638799999999996,13437
84,2910.9564,-1368.0964,-39.1072,14434
85,2876.016,-1431.54,-42.011199999999995,15438
86,2836.0164658634544,-1491.5469879518073,-44.216465863453806,16439
87,2790.2556,-1549.9396000000002,-46.5036,17441
88,2737.8384000000005,-1606.9636,-48.51,18439
89,2681.4788,-1660.4104000000002,-50.6176,19438
90,2620.1736,-1708.3307999999997,-53.094800000000006,20441
91,2555.9582329317273,-1750.334136546185,-54.765863453815264,21440
92,2487.1044,-1788.9872000000003,-56.157199999999996,22436
93,2418.1696,-1822.4184,-58.4408,23438
94,2346.7224000000006,-1851.0844000000002,-59.637600000000006,24433
95,2271.9444000000003,-1874.1536,-60.764,25438
96,2197.7604000000006,-1892.1672,-62.47120000000001,26436
97,2121.768,-1904.5136,-62.80559999999999,27440
98,2049.6431999999995,-1912.4512000000002,-64.3632,28437
99,1974.6540000000005,-1916.1867999999997,-64.482,29440
100,1901.5744000000002,-1915.8436000000002,-65.5424,30440
101,1831.4602409638553,-1911.9236947791167,-65.92489959839358,31436
102,1761.65,-1904.8744,-66.72160000000001,32439
103,1694.5632000000003,-1895.0712,-66.924,33439
104,1628.2112000000002,-1881.7347999999997,-67.364,34441
105,1564.5080000000003,-1866.2688,-67.73360000000001,35438
106,1501.6056,-1847.6567999999997,-67.1396,36441
107,1439.9792000000002,-1826.4135999999999,-67.15720000000002,37440
108,1383.1312000000003,-1804.1936,-67.254,38440
109,1326.6527999999998,-1781.6347999999998,-66.6996,39436
110,1274.1872,-1757.3952000000002,-67.2056,40437
111,1221.9372,-1733.8816000000002,-66.8844,41434
112,1171.2932000000003,-1707.9832000000001,-66.63359999999999,42437
113,1124.3892,-1682.1508000000001,-67.02520000000001,43438
114,1078.7304,-1657.436,-66.5324,44441
115,1034.55,-1631.1328,-67.26720000000002,45440
116,992.429718875502,-1603.866265060241,-65.89839357429717,46436
117,953.3832000000001,-1578.2932000000003,-65.88560000000001,47437
118,912.8548000000001,-1550.5072,-65.77560000000001,48440
119,875.781124497992,-1523.4204819277109,-65.60682730923695,49440
120,841.0952,-1497.672,-64.8868,50440
121,806.8456000000001,-1471.0828000000001,-64.8912,51439
122,775.3724,-1445.6552000000001,-64.5172,52437
123,743.3228,-1421.2968,-64.81640000000002,53438
124,715.0748000000001,-1395.4247999999998,-64.0992,54438
125,684.2883534136546,-1368.4574297188753,-64.20642570281125,55433
126,656.1412,-1341.9428,-63.43920000000001,56440
127,630.1900000000002,-1316.656,-63.074,57440
128,604.1332,-1291.5848,-63.219199999999994,58439
129,579.1257028112451,-1266.3738955823292,-62.61164658634538,59438
130,555.632,-1242.098,-62.436,60440
131,533.8564,-1218.9188000000001,-61.534,61438
132,512.314,-1196.1487999999997,-61.864,62434
133,491.3568,-1172.9608,-61.6132,63438
134,471.9132000000001,-1150.9476000000002,-61.2348,64439
135,452.47108433734945,-1129.1522088353415,-60.33212851405622,65440
136,435.05,-1108.58,-59.853199999999994,66440
137,417.12440000000004,-1088.3752,-60.31960000000001,67434
138,399.5816,-1066.6436,-59.153600000000004,68439
139,383.2752,-1045.7084000000002,-58.308800000000005,69439
140,367.2409638554217,-1024.6566265060242,-58.163052208835346,70440
141,351.9868000000001,-1004.8984,-57.5696,71439
142,337.238,-984.2403999999999,-56.914,72439
143,323.47510040160637,-964.6602409638555,-56.170682730923694,73440
144,310.30559999999997,-945.2124,-56.0076,74440
145,296.26520000000005,-926.7632,-54.4808,75438
146,283.54920000000004,-909.282,-54.516,76439
147,272.95840000000004,-890.8856000000001,-53.424800000000005,77437
148,261.1664,-874.5308,-52.98479999999999,78437
149,249.6912,-856.5744,-52.4568,79438
150,239.52168674698794,-840.3072289156627,-51.87228915662651,80440
151,229.4644,-824.472,-51.493199999999995,81439
152,219.7932,-808.1084000000002,-50.52960000000001,82440
153,210.5532,-792.3212000000001,-49.192,83439
154,200.72570281124496,-776.0389558232932,-49.40722891566265,84439
155,192.3012048192771,-762.1763052208836,-47.95381526104418,85437
156,183.77480000000003,-747.2564,-47.894,86438
157,175.8108,-732.8508,-46.169200000000004,87437
158,167.8556,-719.0788,-46.0328,88438
159,160.29518072289156,-704.5831325301206,-45.23253012048193,89440
160,152.3588,-691.614,-44.3828,90439
161,145.89520000000002,-678.0488,-43.9956,91439
162,139.79680000000002,-666.3184000000001,-43.01,92440
163,133.20160642570283,-654.8578313253013,-41.34497991967872,93437
164,127.30080000000001,-643.3636000000001,-41.082800000000006,94436
165,121.7172,-631.4968,-40.3612,95438
166,115.71119999999999,-620.4,-40.035599999999995,96437
167,110.44618473895582,-609.5502008032129,-38.91967871485944,97438
168,104.88279999999999,-597.9952000000001,-38.407599999999995,98440
169,99.70840000000001,-587.5935999999999,-37.9324,99438
170,94.68360000000001,-576.6816000000001,-36.894,100440
171,91.08439999999999,-566.6188000000001,-34.9976,101439
172,85.64599999999999,-555.786,-35.648799999999994,102438
173,81.1976,-545.4416000000001,-34.122,103440
174,77.5896,-535.7,-33.32560000000001,104438
175,72.8288,-525.7472,-32.7492,105438
176,68.1868,-516.8064,-32.300399999999996,106439
177,64.7988,-507.078,-31.020000000000003,107437
178,60.504400000000004,-498.2032000000001,-30.835200000000004,108439
179,56.804,-488.94559999999996,-29.9156,109439
180,54.12,-480.7440000000001,-29.009199999999996,110438
181,49.970800000000004,-472.7888,-28.5824,111437
182,46.948,-463.4168,-27.7464,112437
183,44.052800000000005,-456.39000000000004,-27.227199999999996,113440
184,40.876,-448.26759999999996,-26.378000000000004,114441
185,37.862,-439.5512,-25.1548,115437
