0.00195560346648563,-0.00159632437486742,0.0025
0.00196472249842298,-0.00159646942101749,0.00250901803607214
0.00197384153036033,-0.00159661446716755,0.00251803607214429
0.00198296056229768,-0.00159675951331762,0.00252705410821643
0.00199207959423503,-0.00159690455946769,0.00253607214428858
0.00200119862617238,-0.00159704960561775,0.00254509018036072
0.00201031765810973,-0.00159719465176782,0.00255410821643287
0.00201943669004707,-0.00159733969791789,0.00256312625250501
0.00202855572198443,-0.00159748474406795,0.00257214428857715
0.00204851491856369,-0.00159724421159825,0.0025811623246493
0.00203399386786864,-0.00156723864808805,0.00259018036072144
0.00204208476602908,-0.00155944258926102,0.00259919839679359
0.00205231164756695,-0.00155486369754433,0.00260821643286573
0.00206253852910484,-0.00155028480582764,0.00261723446893788
0.00207276541064271,-0.00154570591411095,0.00262625250501002
0.00208299229218058,-0.00154112702239428,0.00263527054108216
0.00209321917371846,-0.00153654813067758,0.00264428857715431
0.00208599564152322,-0.00153938721607728,0.00265330661322645
0.00209428287624436,-0.00153529888513069,0.0026623246492986
0.00210653755193921,-0.00158048880906304,0.00267134268537074
0.00211129465048849,-0.00157364849469723,0.00268036072144289
0.00211605174903778,-0.00156680818033142,0.00268937875751503
0.00212080884758706,-0.00155996786596561,0.00269839679358717
0.00212556594613634,-0.0015531275515998,0.00270741482965932
0.00213032304468561,-0.00154628723723399,0.00271643286573146
0.0021350801432349,-0.0015394469228682,0.00272545090180361
0.00213983724178418,-0.00153260660850238,0.00273446893787575
0.00214459434033346,-0.00152576629413657,0.0027434869739479
0.00214935143888275,-0.00151892597977076,0.00275250501002004
0.00215410853743203,-0.00151208566540495,0.00276152304609218
0.0021588656359813,-0.00150524535103914,0.00277054108216433
0.0021636227345306,-0.00149840503667333,0.00277955911823647
0.00216837983307987,-0.00149156472230753,0.00278857715430862
0.00217313693162915,-0.00148472440794172,0.00279759519038076
0.00217789403017843,-0.0014778840935759,0.00280661322645291
0.00220752524304579,-0.00146299379971505,0.00281563126252505
0.00221034143016327,-0.00145742278565922,0.00282464929859719
0.00221315761728075,-0.00145185177160341,0.00283366733466934
0.00221597380439822,-0.00144628075754759,0.00284268537074148
0.00221878999151571,-0.00144070974349177,0.00285170340681363
0.00222160617863318,-0.00143513872943595,0.00286072144288577
0.00222442236575066,-0.00142956771538013,0.00286973947895792
0.00222723855286813,-0.00142399670132432,0.00287875751503006
0.00223005473998562,-0.0014184256872685,0.0028877755511022
0.0022328709271031,-0.00141285467321268,0.00289679358717435
0.00223568711422058,-0.00140728365915685,0.00290581162324649
0.00223850330133805,-0.00140171264510104,0.00291482965931864
0.00224131948845553,-0.00139614163104523,0.00292384769539078
0.00224413567557301,-0.0013905706169894,0.00293286573146293
0.00224695186269048,-0.00138499960293359,0.00294188376753507
0.00224976804980797,-0.00137942858887777,0.00295090180360721
0.00225258423692545,-0.00137385757482195,0.00295991983967936
0.00225540042404292,-0.00136828656076613,0.0029689378757515
0.0022582166111604,-0.00136271554671031,0.00297795591182365
0.00226103279827788,-0.00135714453265449,0.00298697394789579
0.00226384898539536,-0.00135157351859868,0.00299599198396794
0.00226666517251284,-0.00134600250454286,0.00300501002004008
0.00226948135963032,-0.00134043149048704,0.00301402805611222
0.00227229754674779,-0.00133486047643123,0.00302304609218437
0.00227511373386527,-0.0013292894623754,0.00303206412825651
0.00227792992098275,-0.00132371844831958,0.00304108216432866
0.00228074610810023,-0.00131814743426376,0.0030501002004008
0.00228356229521771,-0.00131257642020794,0.00305911823647295
0.00228637848233519,-0.00130700540615212,0.00306813627254509
0.00228919466945266,-0.00130143439209631,0.00307715430861723
0.00229201085657014,-0.00129586337804049,0.00308617234468938
0.00229482704368762,-0.00129029236398467,0.00309519038076152
0.0022976432308051,-0.00128472134992885,0.00310420841683367
0.00230377191406048,-0.00125856941103966,0.00311322645290581
0.00230459120918646,-0.00125227470992961,0.00312224448897796
0.00230541050431242,-0.00124598000881957,0.0031312625250501
0.00230622979943838,-0.00123968530770952,0.00314028056112224
0.00230704909456434,-0.00123339060659947,0.00314929859719439
0.00230786838969031,-0.00122709590548942,0.00315831663326653
0.00230868768481627,-0.00122080120437938,0.00316733466933868
0.00230950697994224,-0.00121450650326934,0.00317635270541082
0.00231032627506819,-0.00120821180215929,0.00318537074148297
0.00231114557019416,-0.00120191710104924,0.00319438877755511
0.00231196486532012,-0.00119562239993919,0.00320340681362725
0.00231278416044608,-0.00118932769882915,0.0032124248496994
0.00231360345557204,-0.0011830329977191,0.00322144288577154
0.00231442275069801,-0.00117673829660905,0.00323046092184369
0.00231524204582398,-0.00117044359549902,0.00323947895791583
0.00231606134094994,-0.00116414889438897,0.00324849699398798
0.0023168806360759,-0.00115785419327892,0.00325751503006012
0.00231769993120186,-0.00115155949216887,0.00326653306613226
0.0023135548801202,-0.00113232153084444,0.00327555110220441
0.00231306424147381,-0.00112678748967633,0.00328456913827655
0.00231606767663275,-0.0011253390251356,0.0032935871743487
0.00231417089068816,-0.00111824582883487,0.00330260521042084
0.00231227410474357,-0.00111115263253413,0.00331162324649299
0.00231037731879897,-0.00110405943623339,0.00332064128256513
0.00230848053285437,-0.00109696623993266,0.00332965931863727
0.00230658374690977,-0.00108987304363192,0.00333867735470942
0.00230468696096518,-0.00108277984733118,0.00334769539078156
0.0023027901750206,-0.00107568665103044,0.00335671342685371
0.002300893389076,-0.0010685934547297,0.00336573146292585
0.00229899660313139,-0.00106150025842896,0.003374749498998
0.0022970998171868,-0.00105440706212823,0.00338376753507014
0.0022952030312422,-0.00104731386582749,0.00339278557114228
0.00229330624529761,-0.00104022066952675,0.00340180360721443
0.00229140945935302,-0.00103312747322601,0.00341082164328657
0.00228951267340842,-0.00102603427692527,0.00341983967935872
0.00228761588746382,-0.00101894108062453,0.00342885771543086
0.00228571910151922,-0.0010118478843238,0.00343787575150301
0.00228382231557463,-0.00100475468802306,0.00344689378757515
0.00228192552963004,-0.000997661491722322,0.00345591182364729
0.00228002874368544,-0.000990568295421582,0.00346492985971944
0.00227813195774084,-0.000983475099120848,0.00347394789579158
0.00227623517179625,-0.000976381902820107,0.00348296593186373
0.00227433838585166,-0.000969288706519374,0.00349198396793587
0.00227244159990706,-0.000962195510218633,0.00350100200400802
0.00227054481396246,-0.000955102313917893,0.00351002004008016
0.00226864802801786,-0.000948009117617158,0.0035190380761523
0.00226675124207328,-0.000940915921316421,0.00352805611222445
0.00226485445612868,-0.000933822725015672,0.00353707414829659
0.00226295767018409,-0.000926729528714945,0.00354609218436874
0.00226106088423949,-0.000919636332414204,0.00355511022044088
0.00225916409829489,-0.000912543136113466,0.00356412825651303
0.0022572673123503,-0.000905449939812734,0.00357314629258517
0.00225537052640569,-0.00089835674351199,0.00358216432865731
0.0022534737404611,-0.000891263547211257,0.00359118236472946
0.00225157695451651,-0.000884170350910499,0.0036002004008016
0.00224968016857191,-0.000877077154609763,0.00360921843687375
0.00224549982050763,-0.000873704843564992,0.00361823647294589
0.00224241850155316,-0.000868663072912237,0.00362725450901804
0.00223933718259867,-0.000863621302259482,0.00363627254509018
0.00223625586364419,-0.000858579531606718,0.00364529058116232
0.00223317454468971,-0.000853537760953966,0.00365430861723447
0.00223009322573522,-0.00084849599030121,0.00366332665330661
0.00222701190678074,-0.000843454219648457,0.00367234468937876
0.00222393058782627,-0.000838412448995695,0.0036813627254509
0.00222084926887178,-0.00083337067834294,0.00369038076152305
0.00221776794991729,-0.000828328907690185,0.00369939879759519
0.00221468663096281,-0.000823287137037436,0.00370841683366733
0.00221160531200834,-0.000818245366384669,0.00371743486973948
0.00220852399305386,-0.000813203595731913,0.00372645290581162
0.00220544267409937,-0.000808161825079162,0.00373547094188377
0.00220236135514489,-0.000803120054426405,0.00374448897795591
0.0021992800361904,-0.000798078283773652,0.00375350701402806
0.00219619871723592,-0.000793036513120889,0.0037625250501002
0.00218806336496483,-0.000782634436458392,0.00377154308617234
0.00218412387698434,-0.000777262408913099,0.00378056112224449
0.00218018438900385,-0.000771890381367804,0.00378957915831663
0.00217624490102335,-0.000766518353822507,0.00379859719438878
0.00217230541304286,-0.000761146326277204,0.00380761523046092
0.00216836592506237,-0.000755774298731914,0.00381663326653307
0.00216442643708188,-0.000750402271186612,0.00382565130260521
0.00216048694910138,-0.000745030243641321,0.00383466933867735
0.00215654746112089,-0.000739658216096022,0.0038436873747495
0.0021526079731404,-0.000734286188550721,0.00385270541082164
0.00214866848515991,-0.000728914161005424,0.00386172344689379
0.00214472899717942,-0.000723542133460126,0.00387074148296593
0.00214078950919893,-0.000718170105914831,0.00387975951903808
0.00213685864128053,-0.000715279569469841,0.00388877755511022
0.00213224615598397,-0.000709886497718391,0.00389779559118236
0.00212763367068741,-0.000704493425966955,0.00390681362725451
0.00212302118539084,-0.000699100354215516,0.00391583166332665
0.00211840870009427,-0.000693707282464066,0.0039248496993988
0.0021137962147977,-0.000688314210712618,0.00393386773547094
0.00210918372950114,-0.000682921138961171,0.00394288577154309
0.00210457124420458,-0.000677528067209725,0.00395190380761523
0.00209995875890801,-0.000672134995458285,0.00396092184368738
0.00209534627361144,-0.000666741923706842,0.00396993987975952
0.00209073378831488,-0.000661348851955405,0.00397895791583166
0.00208612130301832,-0.000655955780203954,0.00398797595190381
0.00208150881772175,-0.00065056270845251,0.00399699398797595
0.00207689633242518,-0.000645169636701071,0.0040060120240481
0.00207228384712861,-0.00063977656494963,0.00401503006012024
0.00206767136183205,-0.000634383493198178,0.00402404809619238
0.00206305887653548,-0.000628990421446738,0.00403306613226453
0.00205844639123892,-0.000623597349695292,0.00404208416833667
0.00205383390594236,-0.000618204277943839,0.00405110220440882
0.00204922142064579,-0.000612811206192401,0.00406012024048096
0.00204744261975098,-0.000604617160822313,0.00406913827655311
0.00204274935515715,-0.000600772503361467,0.00407815631262525
0.00203805609056332,-0.000596927845900611,0.00408717434869739
0.0020333628259695,-0.000593083188439749,0.00409619238476954
0.00202866956137569,-0.000589238530978905,0.00410521042084168
0.00202397629678186,-0.000585393873518038,0.00411422845691383
0.00201928303218803,-0.00058154921605718,0.00412324649298597
0.00201458976759422,-0.000577704558596326,0.00413226452905812
0.00200989650300039,-0.000573859901135467,0.00414128256513026
0.00200520323840657,-0.000570015243674604,0.0041503006012024
0.00200050997381275,-0.000566170586213756,0.00415931863727455
0.00199581670921892,-0.000562325928752896,0.00416833667334669
0.0019911234446251,-0.000558481271292039,0.00417735470941884
0.00198643018003128,-0.000554636613831184,0.00418637274549098
0.00198173691543746,-0.000550791956370332,0.00419539078156313
0.00197704365084363,-0.000546947298909473,0.00420440881763527
0.00197235038624982,-0.000543102641448619,0.00421342685370741
0.00197119068329746,-0.000537662904975264,0.00422244488977956
0.00196635235244912,-0.00053388534913152,0.0042314629258517
0.00196151402160079,-0.000530107793287778,0.00424048096192385
0.00195667569075244,-0.000526330237444032,0.00424949899799599
0.0019518373599041,-0.000522552681600289,0.00425851703406814
0.00194699902905576,-0.000518775125756543,0.00426753507014028
0.00194216069820742,-0.000514997569912798,0.00427655310621242
0.00193732236735908,-0.000511220014069051,0.00428557114228457
0.00193248403651074,-0.0005074424582253,0.00429458917835671
0.0019276457056624,-0.000503664902381567,0.00430360721442886
0.00192280737481406,-0.000499887346537808,0.004312625250501
0.00191796904396571,-0.000496109790694066,0.00432164328657315
0.00191313071311738,-0.000492332234850323,0.00433066132264529
0.00190829238226903,-0.000488554679006576,0.00433967935871744
0.0019034540514207,-0.00048477712316283,0.00434869739478958
0.00189861572057235,-0.000480999567319083,0.00435771543086172
0.00189377738972401,-0.000477222011475344,0.00436673346693387
0.00188893905887567,-0.000473444455631602,0.00437575150300601
0.00188410072802733,-0.000469666899787857,0.00438476953907816
0.00187926239717899,-0.000465889343944107,0.0043937875751503
0.00187442406633065,-0.000462111788100366,0.00440280561122245
0.00186958573548232,-0.000458334232256615,0.00441182364729459
0.00186474740463397,-0.000454556676412865,0.00442084168336673
0.00185990907378562,-0.000450779120569132,0.00442985971943888
0.00185507074293728,-0.000447001564725378,0.00443887775551102
0.00185023241208894,-0.000443224008881636,0.00444789579158317
0.00184539408124061,-0.000439446453037884,0.00445691382765531
0.00184055575039227,-0.000435668897194146,0.00446593186372746
0.00183571741954392,-0.000431891341350395,0.0044749498997996
0.00183087908869558,-0.00042811378550665,0.00448396793587174
0.00182604075784723,-0.00042433622966291,0.00449298597194389
0.00182120242699889,-0.000420558673819164,0.00450200400801603
0.00181636409615056,-0.000416781117975418,0.00451102204408818
0.00181152576530222,-0.000413003562131667,0.00452004008016032
0.00182075412067653,-0.000427288636496189,0.00452905811623246
0.0018151738149341,-0.000423603627342906,0.00453807615230461
0.00180959350919165,-0.000419918618189597,0.00454709418837675
0.0018040132034492,-0.00041623360903631,0.0045561122244489
0.00179843289770676,-0.000412548599883014,0.00456513026052104
0.0017928525919643,-0.000408863590729722,0.00457414829659319
0.00178727228622187,-0.000405178581576429,0.00458316633266533
0.00178169198047942,-0.000401493572423132,0.00459218436873747
0.0017812481692136,-0.000397366448386379,0.00460120240480962
0.00177639686017246,-0.000394167082316154,0.00461022044088176
0.00177155994385183,-0.00039100962823204,0.00461923847695391
0.00176673730906933,-0.000387893237416413,0.00462825651302605
0.00176192884563206,-0.000384817084805905,0.0046372745490982
0.00175713444434266,-0.000381780368153121,0.00464629258517034
0.00175235399700402,-0.00037878230722402,0.00465531062124248
0.00174758739642259,-0.000375822143029812,0.00466432865731463
0.00174283453641073,-0.000372899137091006,0.00467334669338677
0.00173809531178776,-0.000370012570732544,0.00468236472945892
0.0017333696183802,-0.000367161744408191,0.00469138276553106
0.00172865735302103,-0.000364345977052925,0.00470040080160321
0.00172395841354805,-0.000361564605461745,0.00470941883767535
0.00171927269880165,-0.000358816983693906,0.00471843687374749
0.00171460010862165,-0.000356102482501186,0.00472745490981964
0.0017099405438437,-0.000353420488779067,0.00473647294589178
0.00170529390629494,-0.000350770405039839,0.00474549098196393
0.00169971799177906,-0.00035336175874539,0.00475450901803607
0.00169409031892287,-0.000351707112524548,0.00476352705410822
0.00168846956086972,-0.000350057384175112,0.00477254509018036
0.00168285569382947,-0.000348412551645764,0.00478156312625251
0.00167724869414046,-0.000346772593021622,0.00479058116232465
0.00167164853826872,-0.000345137486523309,0.00479959919839679
0.00166605520280692,-0.000343507210505757,0.00480861723446894
0.0016604686644736,-0.000341881743457224,0.00481763527054108
0.00165488890011208,-0.000340261063998229,0.00482665330661323
0.00164931588668969,-0.000338645150880494,0.00483567134268537
0.00164374960129683,-0.000337033982985904,0.00484468937875752
0.00163819002114607,-0.00033542753932556,0.00485370741482966
0.0016326371235713,-0.000333825799038675,0.0048627254509018
0.00162709088602688,-0.00033222874139162,0.00487174348697395
0.00162155128608666,-0.000330636345776958,0.00488076152304609
0.00161601830144329,-0.000329048591712397,0.00488977955911824
0.00161049190990726,-0.000327465458839895,0.00489879759519038
0.00160497208940611,-0.000325886926924617,0.00490781563126253
0.00159945881798356,-0.000324312975854062,0.00491683366733467
0.00159395207379869,-0.000322743585637051,0.00492585170340681
0.00158845183512519,-0.000321178736402832,0.00493486973947896
0.00158295808035047,-0.000319618408400112,0.0049438877755511
0.00157747078797486,-0.00031806258199622,0.00495290581162325
0.00157198993661089,-0.000316511237676071,0.00496192384769539
0.00156651550498242,-0.0003149643560414,0.00497094188376754
0.00156104747192389,-0.00031342191780979,0.00497995991983968
0.00155558581637954,-0.000311883903813782,0.00498897795591182
0.00155013051740265,-0.000310350295000038,0.00499799599198397
0.00154468155415479,-0.00030882107242844,0.00500701402805611
0.00155281874634795,-0.000291322647493389,0.00501603206412826
0.00154912644823962,-0.000289098670988692,0.0050250501002004
0.00154543415013129,-0.000286874694483997,0.00503406813627254
0.00154174185202296,-0.000284650717979292,0.00504308617234469
0.00153804955391463,-0.000282426741474602,0.00505210420841683
0.0015343572558063,-0.000280202764969901,0.00506112224448898
0.00153066495769797,-0.000277978788465203,0.00507014028056112
0.00152697265958964,-0.000275754811960509,0.00507915831663327
0.00152328036148131,-0.000273530835455808,0.00508817635270541
0.00151958806337299,-0.00027130685895111,0.00509719438877755
0.00151589576526466,-0.000269082882446418,0.0051062124248497
0.00151220346715633,-0.000266858905941721,0.00511523046092184
0.001508511169048,-0.000264634929437024,0.00512424849699399
0.00150481887093967,-0.000262410952932319,0.00513326653306613
0.00150112657283134,-0.000260186976427628,0.00514228456913828
0.00149743427472301,-0.000257962999922928,0.00515130260521042
0.00149374197661468,-0.000255739023418234,0.00516032064128257
0.00149004967850636,-0.000253515046913533,0.00516933867735471
0.00148635738039803,-0.000251291070408839,0.00517835671342685
0.0014826650822897,-0.00024906709390414,0.005187374749499
0.00147897278418137,-0.000246843117399445,0.00519639278557114
0.00147528048607304,-0.000244619140894747,0.00520541082164329
0.00147158818796471,-0.00024239516439005,0.00521442885771543
0.00146789588985638,-0.000240171187885356,0.00522344689378757
0.00146420359174806,-0.00023794721138065,0.00523246492985972
0.00146051129363972,-0.00023572323487596,0.00524148296593186
0.0014568189955314,-0.000233499258371261,0.00525050100200401
0.00145312669742307,-0.000231275281866561,0.00525951903807615
0.00144943439931475,-0.000229051305361867,0.0052685370741483
0.00144574210120641,-0.000226827328857164,0.00527755511022044
0.00144204980309808,-0.000224603352352466,0.00528657314629259
0.00143835750498975,-0.000222379375847772,0.00529559118236473
0.00143466520688142,-0.000220155399343075,0.00530460921843687
0.0014309729087731,-0.000217931422838378,0.00531362725450902
0.00142728061066477,-0.000215707446333679,0.00532264529058116
0.00142358831255643,-0.000213483469828981,0.00533166332665331
0.00141989601444811,-0.000211259493324285,0.00534068136272545
0.00141620371633978,-0.000209035516819587,0.0053496993987976
0.00141251141823145,-0.000206811540314887,0.00535871743486974
0.00140881912012313,-0.000204587563810189,0.00536773547094188
0.0014051268220148,-0.000202363587305489,0.00537675350701403
0.00140143452390647,-0.000200139610800798,0.00538577154308617
0.00139774222579814,-0.000197915634296101,0.00539478957915832
0.00139404992768981,-0.000195691657791403,0.00540380761523046
0.00139035762958148,-0.000193467681286701,0.00541282565130261
0.00138666533147315,-0.000191243704782012,0.00542184368737475
0.00138297303336482,-0.000189019728277316,0.00543086172344689
0.00137928073525649,-0.000186795751772617,0.00543987975951904
0.0013770415758109,-0.00019248635688011,0.00544889779559118
0.00137376132007627,-0.000191516051166321,0.00545791583166333
0.00137048106434165,-0.000190545745452529,0.00546693386773547
0.00136720080860701,-0.000189575439738747,0.00547595190380762
0.00136392055287238,-0.000188605134024962,0.00548496993987976
0.00136064029713776,-0.00018763482831117,0.0054939879759519
0.00135736004140313,-0.000186664522597385,0.00550300601202405
0.0013540797856685,-0.000185694216883595,0.00551202404809619
0.00135079952993387,-0.000184723911169807,0.00552104208416834
0.00134751927419924,-0.000183753605456017,0.00553006012024048
0.00134423901846461,-0.000182783299742231,0.00553907815631263
0.00134095876272999,-0.000181812994028442,0.00554809619238477
0.00133767850699536,-0.000180842688314656,0.00555711422845691
0.00133439825126073,-0.00017987238260087,0.00556613226452906
0.0013311179955261,-0.00017890207688708,0.0055751503006012
0.00132783773979147,-0.000177931771173294,0.00558416833667335
0.00132455748405684,-0.00017696146545951,0.00559318637274549
0.00132127722832221,-0.00017599115974572,0.00560220440881764
0.00131799697258758,-0.000175020854031934,0.00561122244488978
0.00131471671685295,-0.000174050548318146,0.00562024048096192
0.00131143646111832,-0.000173080242604356,0.00562925851703407
0.0013081562053837,-0.000172109936890566,0.00563827655310621
0.00130487594964907,-0.000171139631176785,0.00564729458917836
0.00130159569391444,-0.000170169325462994,0.0056563126252505
0.00129831543817981,-0.000169199019749205,0.00566533066132265
0.00129503518244518,-0.000168228714035421,0.00567434869739479
0.00129175492671055,-0.000167258408321632,0.00568336673346693
0.00128847467097592,-0.000166288102607846,0.00569238476953908
0.0012851944152413,-0.000165317796894055,0.00570140280561122
0.00128191415950666,-0.00016434749118027,0.00571042084168337
0.00127863390377204,-0.000163377185466481,0.00571943887775551
0.00127535364803741,-0.000162406879752698,0.00572845691382765
0.00127207339230278,-0.000161436574038903,0.0057374749498998
0.00126879313656815,-0.000160466268325119,0.00574649298597194
0.00126551288083352,-0.000159495962611327,0.00575551102204409
0.00126223262509889,-0.000158525656897545,0.00576452905811623
0.00125895236936426,-0.000157555351183752,0.00577354709418838
0.00125567211362963,-0.000156585045469968,0.00578256513026052
0.001252391857895,-0.000155614739756184,0.00579158316633266
0.00124911160216038,-0.000154644434042395,0.00580060120240481
0.00124583134642575,-0.000153674128328609,0.00580961923847695
0.00124255109069112,-0.000152703822614818,0.0058186372745491
0.00123927083495649,-0.000151733516901036,0.00582765531062124
0.00123599057922186,-0.000150763211187247,0.00583667334669339
0.00123271032348724,-0.000149792905473453,0.00584569138276553
0.00122943006775261,-0.000148822599759666,0.00585470941883768
0.00122614981201798,-0.000147852294045881,0.00586372745490982
0.00122286955628335,-0.000146881988332097,0.00587274549098196
0.00121958930054872,-0.000145911682618305,0.00588176352705411
0.00121630904481409,-0.000144941376904522,0.00589078156312625
0.00121302878907946,-0.000143971071190733,0.0058997995991984
0.00120974853334482,-0.000143000765476956,0.00590881763527054
0.00120646827761021,-0.000142030459763157,0.00591783567134268
0.00120318802187557,-0.000141060154049378,0.00592685370741483
0.00119990776614094,-0.000140089848335588,0.00593587174348697
0.00119662751040631,-0.000139119542621798,0.00594488977955912
0.00119334725467168,-0.000138149236908005,0.00595390781563126
0.00119006699893706,-0.000137178931194226,0.00596292585170341
0.00118678674320243,-0.000136208625480434,0.00597194388777555
0.0011835064874678,-0.000135238319766641,0.0059809619238477
0.00118022623173317,-0.000134268014052851,0.00598997995991984
0.00118771574234893,-0.000132429779708381,0.00599899799599198
0.00118471563276694,-0.000131355806172288,0.00600801603206413
0.00118171552318496,-0.000130281832636199,0.00601703406813627
0.00117871541360298,-0.000129207859100107,0.00602605210420842
0.00117571530402099,-0.000128133885564024,0.00603507014028056
0.00115978902817175,-0.000125465264354228,0.00604408817635271
0.00115646720411237,-0.000124186448351114,0.00605310621242485
0.00115314538005297,-0.000122907632347995,0.00606212424849699
0.00114982355599357,-0.000121628816344877,0.00607114228456914
0.00114650173193418,-0.000120350000341761,0.00608016032064128
0.00114317990787478,-0.000119071184338639,0.00608917835671343
0.00113985808381538,-0.000117792368335519,0.00609819639278557
0.001136536259756,-0.000116513552332403,0.00610721442885772
0.00113321443569659,-0.000115234736329286,0.00611623246492986
0.0011298926116372,-0.000113955920326164,0.006125250501002
0.00112657078757779,-0.00011267710432304,0.00613426853707415
0.00112324896351841,-0.000111398288319929,0.00614328657314629
0.00111992713945901,-0.000110119472316812,0.00615230460921844
0.00111660531539962,-0.000108840656313698,0.00616132264529058
0.00111328349134023,-0.000107561840310576,0.00617034068136273
0.00110996166728083,-0.00010628302430746,0.00617935871743487
0.00110663984322143,-0.000105004208304343,0.00618837675350701
0.00110331801916204,-0.000103725392301221,0.00619739478957916
0.00109999619510264,-0.000102446576298107,0.0062064128256513
0.00110982073296659,-0.000112908836548827,0.00621543086172345
0.00110684881560283,-0.000112407720763368,0.00622444889779559
0.00110387689823907,-0.000111906604977907,0.00623346693386773
0.0011009049808753,-0.000111405489192444,0.00624248496993988
0.00109793306351154,-0.000110904373406982,0.00625150300601202
0.00109496114614778,-0.00011040325762152,0.00626052104208417
0.00109198922878401,-0.000109902141836062,0.00626953907815631
0.00108901731142026,-0.0001094010260506,0.00627855711422846
0.00108604539405649,-0.00010889991026514,0.0062875751503006
0.00108307347669273,-0.000108398794479681,0.00629659318637274
0.00108010155932896,-0.000107897678694218,0.00630561122244489
0.0010771296419652,-0.000107396562908761,0.00631462925851703
0.00107415772460144,-0.000106895447123296,0.00632364729458918
0.00107118580723768,-0.000106394331337835,0.00633266533066132
0.00106821388987391,-0.000105893215552378,0.00634168336673347
0.00106565928278753,-0.000102687641261986,0.00635070140280561
0.00106318806504457,-0.000101896340930434,0.00635971943887776
0.00106071684730161,-0.000101105040598885,0.0063687374749499
0.00105824562955865,-0.000100313740267334,0.00637775551102204
0.0010557744118157,-9.95224399357828e-05,0.00638677354709419
0.00105330319407274,-9.87311396042331e-05,0.00639579158316633
0.00105083197632978,-9.79398392726823e-05,0.00640480961923848
0.00104836075858682,-9.71485389411312e-05,0.00641382765531062
0.00104588954084387,-9.63572386095764e-05,0.00642284569138277
0.0010434183231009,-9.55659382780291e-05,0.00643186372745491
0.00104094710535795,-9.47746379464791e-05,0.00644088176352705
0.00103847588761499,-9.39833376149288e-05,0.0064498997995992
0.00103600466987203,-9.31920372833739e-05,0.00645891783567134
0.00103353345212907,-9.24007369518246e-05,0.00646793587174349
0.00103106223438611,-9.16094366202742e-05,0.00647695390781563
0.001029868999971,-8.51597006621128e-05,0.00648597194388778
0.00102769773860052,-8.47759926218186e-05,0.00649498997995992
0.00102552647723004,-8.43922845815256e-05,0.00650400801603206
0.00102335521585956,-8.40085765412321e-05,0.00651302605210421
0.00102118395448908,-8.36248685009366e-05,0.00652204408817635
0.0010190126931186,-8.32411604606454e-05,0.0065310621242485
0.00101684143174812,-8.28574524203531e-05,0.00654008016032064
0.00101467017037763,-8.24737443800629e-05,0.00654909819639279
0.00101249890900715,-8.20900363397687e-05,0.00655811623246493
0.00101032764763667,-8.17063282994742e-05,0.00656713426853707
0.00100815638626619,-8.13226202591808e-05,0.00657615230460922
0.00100598512489571,-8.09389122188914e-05,0.00658517034068136
0.00100381386352523,-8.0555204178592e-05,0.00659418837675351
0.00100164260215475,-8.01714961383015e-05,0.00660320641282565
0.000999471340784267,-7.97877880980091e-05,0.0066122244488978
0.000997300079413785,-7.94040800577134e-05,0.00662124248496994
0.000995128818043307,-7.90203720174256e-05,0.00663026052104208
0.000992957556672824,-7.86366639771281e-05,0.00663927855711423
0.000990786295302343,-7.8252955936835e-05,0.00664829659318637
0.00098861503393186,-7.78692478965441e-05,0.00665731462925852
0.000986443772561381,-7.74855398562517e-05,0.00666633266533066
0.000984272511190899,-7.71018318159591e-05,0.00667535070140281
0.000982101249820419,-7.67181237756636e-05,0.00668436873747495
0.000979929988449937,-7.63344157353727e-05,0.00669338677354709
0.000977758727079456,-7.59507076950789e-05,0.00670240480961924
0.000975587465708976,-7.5566999654787e-05,0.00671142284569138
0.000973416204338494,-7.51832916144953e-05,0.00672044088176353
0.000971244942968012,-7.47995835742e-05,0.00672945891783567
0.000969073681597531,-7.4415875533909e-05,0.00673847695390781
0.00096690242022705,-7.40321674936142e-05,0.00674749498997996
0.000964731158856568,-7.36484594533203e-05,0.0067565130260521
0.000962559897486088,-7.32647514130275e-05,0.00676553106212425
0.000958917429699696,-7.36118092048497e-05,0.00677454909819639
0.000956823930444492,-7.31428749495607e-05,0.00678356713426854
0.000954730431189294,-7.26739406942689e-05,0.00679258517034068
0.000952636931934091,-7.22050064389837e-05,0.00680160320641283
0.000950543432678887,-7.17360721836921e-05,0.00681062124248497
0.00094034170032638,-6.85482798609884e-05,0.00681963927855711
0.00093824907678932,-6.81338677742937e-05,0.00682865731462926
0.000936156453252265,-6.77194556876019e-05,0.0068376753507014
0.000934063829715205,-6.73050436009083e-05,0.00684669338677355
0.000931971206178147,-6.68906315142138e-05,0.00685571142284569
0.000929878582641088,-6.6476219427523e-05,0.00686472945891784
0.000927785959104027,-6.60618073408284e-05,0.00687374749498998
0.000925693335566973,-6.56473952541374e-05,0.00688276553106212
0.000923600712029913,-6.52329831674443e-05,0.00689178356713427
0.000921508088492854,-6.48185710807488e-05,0.00690080160320641
0.000919415464955794,-6.44041589940585e-05,0.00690981963927856
0.000917322841418739,-6.39897469073638e-05,0.0069188376753507
0.000915230217881679,-6.35753348206683e-05,0.00692785571142285
0.000913137594344623,-6.31609227339743e-05,0.00693687374749499
0.00091104497080756,-6.27465106472865e-05,0.00694589178356713
0.000908952347270505,-6.23320985605912e-05,0.00695490981963928
0.000906859723733447,-6.19176864738989e-05,0.00696392785571142
0.000904767100196386,-6.15032743872049e-05,0.00697294589178357
0.00090267447665933,-6.10888623005118e-05,0.00698196392785571
0.000900581853122273,-6.06744502138189e-05,0.00699098196392786
0.000898489229585211,-6.02600381271257e-05,0.007
