Index,Bzs_mean,Bys_mean,Bxs_mean,motor_positions
0,94.77159999999999,519.4596,52.514,-99975
1,103.01566265060242,528.6493975903614,51.75742971887551,-98974
2,111.76,539.4488,51.634,-97973
3,120.26960000000001,548.9704000000002,50.402,-96978
4,129.20600000000002,559.5831999999999,49.337199999999996,-95972
5,139.71325301204823,569.6277108433736,48.5722891566265,-94974
6,149.622,580.9188,48.114,-93973
7,159.13333333333333,593.3152610441767,47.33534136546186,-92974
8,169.7344,604.7976,46.675200000000004,-91973
9,180.1448,618.134,46.138400000000004,-90973
10,191.4264,630.3703999999999,45.293600000000005,-89973
11,203.852,643.6364,44.4752,-88976
12,216.7396,656.1588,43.6436,-87975
13,228.74720000000002,670.0011999999999,42.1872,-86975
14,241.87679999999997,683.1572000000001,41.998,-85971
15,255.62680000000003,696.982,40.638400000000004,-84975
16,269.9136,712.316,39.652800000000006,-83972
17,284.4424,727.5004,38.676,-82974
18,299.9392000000001,742.3064,37.642,-81973
19,315.5372000000001,758.1244,36.726800000000004,-80973
20,331.90401606425706,772.3634538152611,35.28835341365462,-79971
21,349.7296,788.6824000000001,34.4784,-78973
22,367.49680000000006,804.672,33.1892,-77972
23,385.9372,822.2236,32.208,-76973
24,405.64920000000006,838.9216000000001,31.165200000000002,-75975
25,425.96840000000003,857.8328,29.722,-74974
26,446.732,874.4075999999999,28.7452,-73973
27,468.47240000000005,893.5036000000001,27.315200000000004,-72972
28,491.52840000000003,912.3047999999999,25.5992,-71972
29,515.3148,931.7,24.156,-70973
30,539.6248,951.082,22.814,-69974
31,566.0204,971.8104000000001,20.944,-68973
32,592.2859437751005,992.9598393574298,19.486345381526107,-67973
33,619.7136,1013.3200000000002,17.6704,-66973
34,649.9768,1035.0384000000001,16.016,-65969
35,680.614,1057.2716,13.97,-64975
36,713.1256000000001,1078.4267999999997,12.491600000000002,-63973
37,745.404,1100.704,10.322400000000002,-62972
38,780.3972,1123.122,8.1136,-61971
39,816.6751999999999,1146.0812,4.9588,-60972
40,854.6208,1169.388,3.19,-59980
41,893.4288,1194.5868,1.2716,-58976
42,936.7292,1217.6296,-1.2364000000000002,-57973
43,980.3024,1240.8,-4.1491999999999996,-56975
44,1024.7952,1264.648,-6.4548000000000005,-55973
45,1072.0468,1287.5852000000002,-9.5172,-54975
46,1122.7172000000003,1312.3924,-12.592799999999999,-53975
47,1176.1067999999998,1336.17,-15.026,-52976
48,1230.0959839357429,1358.5132530120484,-18.2714859437751,-51973
49,1287.066,1380.6848000000002,-21.643600000000003,-50973
50,1347.4472000000003,1403.1116000000002,-24.912800000000004,-49971
51,1411.1196,1423.8752000000002,-28.9344,-48975
52,1476.0064000000002,1440.7932000000003,-33.09239999999999,-47972
53,1545.1304000000002,1458.4548,-37.202,-46973
54,1617.591967871486,1473.849799196787,-41.77791164658635,-45974
55,1691.4787999999999,1487.4243999999999,-45.58400000000001,-44974
56,1769.0331999999999,1498.0724,-50.34479999999999,-43970
57,1850.97,1504.6108000000002,-54.696400000000004,-42975
58,1932.7968,1505.9264,-59.3912,-41972
59,2017.5716,1503.6648,-64.49080000000001,-40979
60,2106.8564,1495.2388000000003,-68.96560000000001,-39976
61,2196.717670682731,1480.7192771084337,-74.63212851405623,-38973
62,2287.9824,1459.4712000000002,-78.89640000000001,-37973
63,2377.7908000000007,1430.8448000000003,-84.1104,-36971
64,2466.1779116465864,1395.2682730923696,-88.2562248995984,-35973
65,2554.4068,1348.6396000000002,-92.45720000000001,-34971
66,2641.6324000000004,1294.1632000000002,-96.2984,-33972
67,2720.2691999999997,1232.0484,-100.8348,-32973
68,2795.5664,1159.048,-103.28120000000001,-31972
69,2863.652,1079.1747999999998,-106.5064,-30971
70,2923.0168000000003,994.4308000000001,-108.94839999999999,-29972
71,2971.948192771085,903.9526104417671,-109.71285140562249,-28973
72,3013.4896000000003,808.6188000000001,-110.704,-27974
73,3043.3084,711.1588,-111.12639999999999,-26974
74,3062.3296000000005,616.1188000000001,-110.66440000000001,-25975
75,3072.1196,522.0116,-110.0352,-24972
76,3071.5916,428.4544,-108.18720000000002,-23974
77,3062.7534136546187,340.9248995983936,-108.25943775100403,-22972
78,3047.0044000000003,258.0116,-105.886,-21971
79,3026.1572,178.73239999999998,-104.5924,-20972
80,2998.0411999999997,110.23320000000001,-102.916,-19971
81,2968.9307999999996,48.413199999999996,-101.1252,-18974
82,2935.526,-7.678000000000001,-99.3696,-17973
83,2900.788,-59.1668,-98.06279999999998,-16972
84,2864.5935999999997,-103.44839999999999,-96.8836,-15975
85,2829.0056224899604,-142.4168674698795,-95.34216867469878,-14971
86,2794.1540000000005,-176.04840000000002,-94.74080000000001,-13971
87,2759.988,-204.44160000000002,-93.0248,-12972
88,2728.7392,-228.76040000000003,-93.3812,-11978
89,2699.2372,-250.34680000000003,-92.92360000000001,-10975
90,2670.355600000001,-270.74080000000004,-93.28439999999999,-9972
91,2646.072,-287.7248000000001,-93.06,-8973
92,2624.175903614458,-301.8815261044177,-93.9417670682731,-7974
93,2603.546,-315.4712,-93.7332,-6973
94,2585.2244000000005,-326.35240000000005,-95.128,-5972
95,2570.2556000000004,-336.0104,-95.9816,-4972
96,2557.190763052209,-345.8815261044177,-97.29036144578315,-3973
97,2546.9707999999996,-354.42440000000005,-97.7944,-2972
98,2539.2620000000006,-363.8448,-98.9472,-1972
99,2534.2943999999998,-372.96160000000003,-101.0416,-971
100,2532.0328000000004,-381.9332,-102.8544,26
101,2531.6148,-392.8232,-105.1424,1027
102,2534.0083999999997,-403.18960000000004,-106.6956,2020
103,2538.998,-415.492,-108.93960000000001,3026
104,2545.3867999999998,-428.3092000000001,-110.89320000000001,4027
105,2554.0108000000005,-443.32200000000006,-113.41440000000001,5025
106,2564.386,-459.10920000000004,-115.09960000000001,6025
107,2576.2000000000003,-477.3425702811245,-117.97831325301205,7027
108,2589.9016,-498.82800000000003,-120.0056,8025
109,2605.5377510040166,-522.1642570281125,-124.08353413654618,9027
110,2622.1272000000004,-549.7624000000001,-126.30640000000001,10025
111,2639.5908,-579.4008,-129.23680000000002,11027
112,2657.7936000000004,-613.2324,-133.518,12027
113,2675.7544000000003,-651.5476,-136.4044,13027
114,2692.8924,-694.1704,-140.08280000000002,14025
115,2708.0108,-741.5232,-143.7436,15027
116,2723.0104,-793.3552,-147.6552,16025
117,2734.2084,-851.202,-151.602,17025
118,2740.6544000000004,-911.7592,-155.43439999999998,18024
119,2744.4252,-978.2696000000001,-158.906,19027
120,2741.8864000000003,-1046.2672,-161.16320000000002,20021
121,2731.8324000000002,-1120.9748,-165.374,21025
122,2716.2212000000004,-1193.3283999999999,-168.3396,22026
123,2693.3588000000004,-1267.332,-170.4032,23028
124,2662.0264,-1342.308,-173.2896,24025
125,2622.9192000000003,-1415.4712,-175.5248,25024
126,2574.967469879518,-1487.222088353414,-177.13092369477914,26020
127,2521.4904000000006,-1553.068,-176.79200000000003,27026
128,2460.2468,-1613.6252000000002,-176.75240000000002,28025
129,2393.1160000000004,-1667.6,-175.8548,29027
130,2323.3584,-1713.3424000000002,-175.5644,30025
131,2247.2604,-1751.7852000000003,-173.96280000000002,31024
132,2170.653413654619,-1782.309236947791,-171.94899598393576,32021
133,2088.4468,-1807.4891999999998,-169.158,33026
134,2009.0664000000002,-1825.4104,-166.89640000000003,34025
135,1930.368,-1836.1772,-164.00119999999998,35026
136,1851.7356000000002,-1841.2988,-160.4504,36027
137,1774.4628,-1840.9556,-157.41440000000003,37021
138,1697.718,-1835.3192,-153.63039999999998,38028
139,1625.0344000000002,-1825.7844,-150.4844,39027
140,1554.806,-1812.668,-147.0612,40028
141,1486.2320000000002,-1796.5376,-142.824,41025
142,1421.0108000000002,-1777.7276000000002,-139.832,42026
143,1358.0996,-1756.722,-136.07440000000003,43027
144,1298.3608000000002,-1734.1456,-133.298,44026
145,1239.6296,-1709.8488,-129.7252,45024
146,1185.3493975903614,-1684.987951807229,-126.99036144578312,46022
147,1133.0924,-1659.2004,-124.26920000000001,47024
148,1082.8048000000001,-1632.0392000000002,-120.6832,48025
149,1034.4224,-1604.5172000000002,-118.73400000000001,49026
150,989.9956000000001,-1577.598,-115.11720000000001,50028
151,945.5776,-1549.1344,-113.3088,51028
152,903.6148000000001,-1521.5112000000001,-110.5984,52027
153,864.9387999999999,-1493.2676000000001,-108.02,53024
154,827.4771999999999,-1466.2472,-105.38879999999999,54027
155,791.2432,-1437.9596000000001,-103.2856,55027
156,757.0464000000002,-1409.7204,-101.07239999999999,56028
157,724.3983999999999,-1382.3832,-98.538,57026
158,693.8481927710844,-1355.8538152610442,-97.17550200803211,58021
159,664.114,-1330.0716,-95.02239999999999,59025
160,635.4656000000001,-1303.9752,-94.01480000000001,60028
161,609.488,-1279.2692000000002,-92.158,61021
162,583.3564,-1254.4752,-89.52680000000001,62026
163,557.9772,-1228.5856,-88.1276,63028
164,535.2626506024097,-1205.3128514056225,-86.71004016064256,64028
165,512.226,-1182.0027999999998,-84.9816,65025
166,490.57360000000006,-1156.2496,-83.666,66028
167,469.7572,-1132.2256,-82.0292,67024
168,448.9899598393574,-1108.4775100401607,-80.74618473895582,68026
169,430.06480000000005,-1085.1456,-79.19120000000001,69028
170,411.62440000000004,-1062.8728000000003,-77.682,70028
171,394.8472,-1041.7484000000002,-76.384,71028
172,377.9644,-1020.2543999999999,-75.7504,72024
173,361.99240000000003,-1000.4412000000001,-73.546,73028
174,346.88280000000003,-980.1484,-72.4944,74021
175,331.7732,-960.63,-71.8564,75021
176,317.68,-940.3768,-69.97760000000001,76028
177,304.27320000000003,-920.2688,-68.9788,77027
178,291.83,-902.7612,-67.672,78028
179,279.25480000000005,-884.5672,-66.60279999999999,79027
180,267.652,-866.9848000000001,-65.5336,80027
181,256.05800000000005,-848.9404000000001,-64.9748,81026
182,245.21640000000002,-832.6648,-63.3644,82024
183,234.93359999999998,-816.2571999999999,-61.6308,83027
184,224.2152,-799.4712000000001,-60.6056,84026
185,214.91359999999997,-783.6268,-59.153600000000004,85026
