Index,Bzs_mean,Bys_mean,Bxs_mean,motor_positions
0,169.972,-174.76360000000003,605.4356,-1002
1,179.7576,-179.67839999999998,619.366,-1999
2,189.0592,-184.14,631.884,-3000
3,198.78320000000002,-189.7368,645.4492,-3999
4,209.22879999999998,-195.228,660.0264000000002,-4998
5,220.25622489959838,-200.53132530120484,675.7710843373494,-5999
6,230.08995983935745,-204.55140562248997,689.1257028112449,-7001
7,241.7404,-210.6896,703.9868,-7998
8,255.00639999999999,-218.0068,719.1668000000001,-9002
9,267.5288,-223.96439999999998,734.5360000000002,-10002
10,279.80480000000006,-231.2112,750.9084000000001,-11001
11,294.5448,-238.9508,766.5548,-12001
12,308.99,-245.7972,783.3584000000001,-13000
13,322.70480000000003,-253.0968,799.5152,-14002
14,338.98920000000004,-261.5712,816.5652,-15000
15,354.65319999999997,-268.41760000000005,835.3488000000001,-15999
16,370.9112,-276.6412000000001,852.4384000000001,-17000
17,388.73560000000003,-285.3532,871.002,-18002
18,407.0484,-294.07840000000004,889.0068,-18999
19,426.35381526104425,-302.7738955823294,908.109638554217,-20002
20,445.6452,-311.96,926.8512,-21007
21,466.04359999999997,-321.74120000000005,945.9428,-22000
22,488.1184,-331.5004,966.3368,-22999
23,511.2096,-341.32559999999995,987.602,-24000
24,534.3492,-352.9372,1007.446,-25000
25,558.0652,-363.93280000000004,1027.1316000000002,-25999
26,582.802,-374.88,1048.0668,-26998
27,610.2228,-386.75559999999996,1069.1867999999997,-27999
28,638.0927710843374,-399.16746987951814,1090.0160642570281,-28999
29,667.1411999999999,-412.2404,1111.4972000000002,-30001
30,697.1668000000001,-424.5076000000001,1133.22,-30999
31,728.5872,-438.3544,1154.5468,-31999
32,762.0756000000001,-452.66760000000005,1177.1188000000002,-32999
33,794.926,-467.50880000000006,1198.5776,-33999
34,830.1348,-480.8628,1219.306,-35001
35,865.7264,-495.3476,1239.9375999999997,-35999
36,903.1132,-510.224,1260.3492,-37001
37,941.5296,-525.7031999999999,1280.8576,-38001
38,981.2043999999999,-541.2,1301.3,-38999
39,1025.8864,-558.4172000000001,1322.5168,-40000
40,1073.3184,-574.5784,1342.1804,-40998
41,1116.8123999999998,-591.2192000000002,1360.326,-42002
42,1165.2388,-609.5892000000001,1378.278,-42998
43,1218.5008000000003,-628.5004,1396.1904,-44002
44,1270.0644,-646.2368,1412.026,-44999
45,1325.258,-664.7212,1426.9728,-45999
46,1384.2224,-683.8304,1440.6963999999998,-46999
47,1446.6276,-702.6096,1452.4400000000003,-48002
48,1505.6492,-719.4264,1461.504,-48998
49,1571.0385542168676,-738.1927710843373,1468.8578313253013,-49999
50,1639.1363999999999,-755.4756000000001,1474.0088,-50999
51,1703.636,-771.958,1475.9227999999998,-52000
52,1777.0236,-788.8276000000001,1473.8856,-52999
53,1849.8568,-804.584,1468.1436,-53998
54,1920.365863453815,-817.3397590361446,1459.5630522088354,-54999
55,1994.1724,-829.5188,1445.2988,-56000
56,2064.304,-840.1668000000001,1427.1004,-56998
57,2137.8632000000002,-847.7040000000001,1404.7395999999999,-58002
58,2208.238955823293,-852.9329317269076,1377.5180722891566,-59001
59,2278.1528,-855.734,1344.7720000000002,-60000
60,2344.1308000000004,-855.5668000000001,1308.7184,-60998
61,2409.2156,-853.8728000000001,1267.926,-62001
62,2470.93,-847.1496000000001,1222.6984,-63001
63,2528.6184,-839.3616,1175.7108,-63998
64,2582.0432,-829.5100000000001,1125.2208,-65001
65,2631.5564000000004,-816.0108,1072.9048000000003,-65999
66,2674.8347999999996,-800.404,1018.6836,-66999
67,2712.0192,-781.9504000000001,963.1776,-68001
68,2746.2336,-762.1548,908.16,-68999
69,2776.9544,-741.5716000000001,853.1996000000001,-70000
70,2802.6812,-719.7388,798.8156000000001,-70999
71,2823.130120481928,-698.009638554217,747.7614457831327,-72002
72,2840.2176,-675.9984000000001,697.4660000000001,-72999
73,2853.9412,-653.5408,649.5324,-74000
74,2864.752,-630.9072000000001,603.9088,-75000
75,2873.2397590361443,-610.5530120481928,561.7377510040161,-76002
76,2879.0212,-589.006,521.6288,-77000
77,2884.75,-571.0848000000001,482.8824,-78000
78,2892.1728,-555.016,447.2248000000001,-79000
79,2897.020080321285,-538.3020080321286,415.6807228915663,-80001
80,2901.888,-523.4592,385.7524,-81003
81,2905.0868000000005,-510.76520000000005,356.1536,-82000
82,2910.8992000000003,-499.57160000000005,329.39279999999997,-83001
83,2917.3408,-489.8828,303.0280000000001,-83998
84,2924.1608,-483.472,278.77959999999996,-85002
85,2932.842,-479.49,256.366,-85998
86,2943.1732,-475.8688,232.9448,-87001
87,2954.226,-473.308,209.8404,-87999
88,2967.3449799196787,-474.64337349397596,186.59799196787145,-88997
89,2980.978,-477.7256,162.98040000000003,-90000
90,2997.8048192771084,-482.86907630522086,138.00361445783136,-91001
91,3016.552,-488.97200000000004,113.00520000000002,-92000
92,3035.7800000000007,-497.046,87.12879999999998,-93001
93,3055.47,-507.5928,56.5268,-94008
94,3077.8352,-521.4528,24.798399999999997,-95001
95,3099.9496,-537.6976000000001,-8.5492,-96000
96,3122.4908000000005,-553.6168,-45.738,-96998
97,3146.6864,-574.9392,-88.3432,-97999
98,3170.2527999999998,-596.3892000000001,-133.166,-99001
99,3192.1472000000003,-620.3252,-181.13039999999998,-99998
100,3213.0208,-647.0068,-238.2732,-101000
101,3231.7384,-676.1832,-300.90720000000005,-102000
102,3246.612449799197,-705.9481927710843,-366.95381526104416,-102998
103,3256.6908,-735.834,-436.4800000000001,-103999
104,3266.3859437751003,-766.9606425702812,-512.3526104417672,-105001
105,3268.6236,-799.2512000000002,-596.332,-105997
106,3261.2404000000006,-830.1436000000001,-680.9924,-107007
107,3248.102,-861.5683999999999,-773.1591999999999,-107999
108,3225.596,-891.33,-867.6976,-108995
109,3195.5441767068273,-916.6048192771085,-959.4871485943775,-110000
110,3155.7547999999997,-939.664,-1052.9376000000002,-110999
111,3105.0184000000004,-959.9568,-1146.596,-111999
112,3045.6007999999997,-974.6308,-1236.466,-112999
113,2980.7536,-986.4008,-1321.2716,-113999
114,2905.584,-991.87,-1400.6784,-115006
115,2824.614457831325,-993.6843373493977,-1474.2694779116464,-116002
116,2741.2572,-991.5532000000001,-1537.4172,-116998
117,2652.848,-985.1996,-1595.3212,-118002
118,2557.1304000000005,-973.8564,-1644.5044,-119000
119,2459.0896000000007,-959.3804,-1685.9436,-119997
120,2362.6108000000004,-942.4272000000001,-1717.98,-120998
121,2266.5764000000004,-923.318,-1741.6652,-122001
122,2170.3616,-901.428,-1758.5040000000001,-122998
123,2078.2520000000004,-879.9604,-1769.328,-123999
124,1985.148,-854.9376000000001,-1773.2836000000002,-125000
125,1894.8952,-829.7651999999999,-1772.2276000000002,-125999
126,1809.5572000000002,-805.2352,-1767.3788000000002,-127001
127,1728.056,-780.4631999999999,-1757.2676000000001,-127999
128,1649.0364,-755.6824,-1745.1984,-129000
129,1572.23,-730.3692,-1729.1648,-130001
130,1500.3208,-705.8964000000001,-1711.2435999999998,-131000
131,1429.56,-682.1804000000001,-1691.4348000000002,-131999
132,1361.5492000000002,-659.2256000000001,-1668.6032000000002,-133007
133,1298.9856000000002,-637.5556,-1645.7716,-133999
134,1237.8168,-613.8792,-1620.2823999999998,-134999
135,1178.9843999999998,-592.9,-1593.8032000000003,-136000
136,1123.4048192771086,-573.0204819277109,-1567.9373493975904,-136999
137,1071.18,-552.5916,-1541.9096000000002,-138007
138,1019.458,-532.9984000000001,-1515.1092,-139002
139,970.6771084337349,-514.8353413654619,-1487.9200803212852,-140001
140,925.518,-496.72040000000004,-1460.1708,-141001
141,881.4916000000001,-480.282,-1431.9492000000002,-141999
142,839.6168,-463.76000000000005,-1404.5503999999999,-143002
143,800.4216,-448.7912,-1377.5696,-143999
144,761.5344,-433.47920000000005,-1350.2544,-144999
145,724.8911646586346,-418.46385542168673,-1322.712449799197,-146002
146,690.2544,-404.6372,-1295.7868,-146999
147,657.0168000000001,-391.182,-1269.6156,-147998
148,625.9748000000001,-379.53959999999995,-1242.802,-149001
149,594.9064,-366.69160000000005,-1216.5824000000005,-149998
150,565.202,-355.036,-1190.838,-150997
151,537.0728,-343.2264,-1165.7712000000001,-151998
152,510.2504,-331.342,-1140.7044,-152999
153,484.6424,-320.98440000000005,-1116.6627999999998,-153998
154,459.866,-311.55960000000005,-1092.1152000000002,-155007
155,439.5248,-301.84880000000004,-1071.4836,-155998
156,415.2368000000001,-291.6804,-1046.5576,-156999
157,393.6856000000001,-283.24120000000005,-1023.6776000000001,-158000
158,374.4356,-275.4664,-1003.266,-158999
159,355.0756,-267.7532,-981.2792,-159998
160,335.90479999999997,-259.5648,-959.2528,-160998
161,317.88680000000005,-252.37959999999998,-938.5111999999999,-162004
162,300.99960000000004,-245.5112,-918.4296,-162998
163,283.59760000000006,-238.37879999999998,-897.3843999999999,-164001
164,268.6464,-231.5456,-878.5744000000002,-164999
165,253.68032128514054,-225.0140562248996,-859.5638554216869,-165997
166,238.5372,-219.36640000000003,-840.0656000000001,-166999
167,225.214,-213.5408,-820.8244,-168000
168,211.6576,-207.66680000000002,-803.0176,-169000
169,199.078,-202.9324,-785.7035999999999,-169999
170,186.164,-198.07040000000003,-767.954,-170998
171,175.21240000000003,-192.8916,-751.5772000000001,-171997
172,164.142,-187.9152,-735.6448,-173000
173,152.79,-183.1456,-718.8676,-174000
174,142.3444,-178.20440000000002,-703.5336000000001,-175002
175,133.1484,-173.954,-688.2436000000001,-176002
176,122.77320000000002,-168.7356,-672.5356,-176999
177,113.80160000000001,-166.14839999999998,-657.162,-177998
178,104.90039999999999,-162.85719999999998,-642.5936,-179001
179,96.43480000000001,-158.8532,-627.6292000000001,-180000
180,90.52120000000001,-156.34080000000003,-616.3124,-181002
181,81.97199999999998,-153.16840000000002,-602.9980000000002,-181998
182,74.0124,-149.7716,-588.8344000000001,-183000
183,67.9316,-147.6508,-577.7156000000001,-183998
184,60.6496,-144.79520000000002,-563.5916000000001,-185001
185,54.51160000000001,-142.41039999999998,-551.1748,-185998
186,48.092,-139.86720000000003,-539.3828000000001,-186997
187,42.4468,-137.852,-527.626,-188002
188,36.8236,-135.7752,-515.8648,-188999
189,32.01044176706827,-133.50200803212851,-504.6437751004016,-190000
190,26.158,-131.4764,-493.4732,-190998
191,21.0012,-128.8188,-481.932,-192000
192,16.0776,-126.8256,-472.2212,-193001
193,11.638,-125.56279999999998,-461.85480000000007,-193998
194,7.546,-123.69279999999999,-451.50160000000005,-195000
195,4.065600000000001,-122.3816,-441.8392,-195999
196,-0.44,-120.824,-432.3176,-197002
197,-3.6313253012048197,-119.96184738955823,-422.7710843373494,-198002
198,-7.018,-117.64720000000001,-414.3964,-199001
199,-11.303600000000001,-116.46359999999999,-405.3368,-199995
200,-14.096787148594377,-115.10682730923695,-395.97791164658634,-200998
201,-18.079600000000003,-113.96,-386.98440000000005,-202000
202,-21.458800000000004,-110.91520000000001,-378.4176,-202999
203,-23.764400000000002,-109.99560000000001,-369.82,-204000
204,-26.7212,-110.40039999999999,-362.23,-205000
205,-28.7364,-111.13080000000001,-355.1636,-205998
206,-31.4644,-110.52359999999999,-346.962,-206999
207,-33.594,-109.0804,-339.4952,-207999
208,-35.45622489959839,-107.9987951807229,-332.27510040160644,-208998
209,-37.325199999999995,-107.34679999999999,-325.2568,-210007
210,-40.4184,-106.5152,-317.7636,-211008
211,-41.73839999999999,-105.644,-309.9492,-211999
212,-43.2124,-104.26679999999999,-303.83760000000007,-212999
213,-46.068,-101.74560000000001,-296.5160000000001,-214007
214,-48.1756,-98.472,-290.38680000000005,-214999
215,-51.37,-96.3468,-283.50520000000006,-216002
216,-52.10040000000001,-95.4052,-278.5332000000001,-216997
217,-52.839600000000004,-95.3832,-271.84520000000003,-218001
218,-54.458800000000004,-93.9576,-266.20439999999996,-219001
219,-56.034,-93.0248,-260.4228,-220002
220,-57.244,-92.55839999999999,-254.4652,-221000
221,-58.0316,-92.20639999999999,-248.6572,-221999
222,-59.54578313253012,-93.12008032128514,-243.61244979919678,-223001
223,-60.03360000000001,-92.21520000000001,-238.8452,-224002
224,-61.4277108433735,-91.30441767068274,-233.2706827309237,-225000
225,-62.238,-90.98320000000001,-228.6284,-225998
226,-62.5064,-90.91280000000002,-224.16680000000002,-227000
227,-63.593199999999996,-90.38479999999998,-218.99240000000003,-227999
228,-64.38080000000001,-90.354,-214.63640000000004,-228999
229,-65.04960000000001,-90.5828,-209.86240000000004,-229998
230,-65.55560000000001,-90.4816,-206.01239999999999,-231007
231,-66.3652,-89.584,-201.454,-232002
232,-66.8492,-90.16920000000002,-196.702,-232998
233,-66.69520000000001,-90.10320000000002,-193.20839999999998,-233993
234,-68.1076,-88.71279999999999,-188.2232,-234999
235,-68.34519999999999,-89.15720000000002,-184.5756,-235998
236,-69.0888,-89.408,-181.06879999999998,-236998
237,-69.85,-88.62480000000001,-177.12640000000002,-238002
238,-69.31320000000001,-87.8988,-172.7264,-238999
239,-69.9688,-86.9528,-168.6432,-240001
240,-70.114,-86.746,-167.112,-241001
241,-69.81040000000002,-87.01879999999998,-162.624,-242001
242,-70.708,-87.23879999999998,-158.62440000000004,-243002
243,-71.31960000000001,-87.2168,-156.6972,-244001
244,-70.2416,-88.9988,-156.5872,-244083
