Index,Bzs_mean,Bys_mean,Bxs_mean,motor_positions
0,238.62079999999997,-211.67079999999999,635.5491999999999,-1000
1,249.898,-217.1092,648.7712,-1998
2,261.6284,-224.224,662.2088,-3002
3,274.07160000000005,-229.4292,674.85,-4001
4,286.22,-236.7948,689.0048,-4999
5,300.2956,-242.87120000000002,703.0188,-6000
6,313.8476,-249.75279999999998,716.9712,-7001
7,328.0076305220884,-255.35020080321283,730.8108433734941,-8001
8,343.0328,-262.1344,745.9452000000001,-8999
9,358.08520000000004,-268.3648,760.2276,-10000
10,374.20680000000004,-275.7876,775.9708,-11000
11,390.676,-281.8728,791.4676,-12001
12,407.8756,-289.784,806.4848000000001,-13001
13,425.0400000000001,-297.42680000000007,821.6956000000001,-14001
14,443.69317269076305,-305.23895582329317,837.2943775100402,-14998
15,462.99,-314.1688,854.6648,-16003
16,482.99680000000006,-322.9644,870.034,-17000
17,504.16960000000006,-332.266,886.556,-17998
18,526.3984,-341.0616,902.6996,-19000
19,549.4852,-351.0144,919.314,-20000
20,571.6775100401607,-360.23895582329317,935.4064257028112,-21000
21,596.926,-371.00359999999995,952.3492000000001,-21998
22,622.6618473895581,-381.7795180722892,970.0983935742972,-22999
23,649.1892,-391.9696,986.8628,-24001
24,676.0336000000001,-401.75079999999997,1003.7148000000001,-25003
25,704.3608,-412.60560000000004,1019.7176000000001,-26000
26,734.448,-425.66480000000007,1036.4024,-26999
27,764.6848,-438.90880000000004,1053.0872000000002,-28000
28,798.0676000000001,-450.846,1069.728,-28999
29,831.5032,-464.72360000000003,1085.612,-30001
30,865.2864000000001,-478.3988,1101.1748,-30999
31,900.4864,-490.65720000000005,1116.6144,-31999
32,938.4143999999999,-505.5336000000001,1131.2576000000001,-32998
33,975.7044176706827,-518.6654618473896,1146.9819277108434,-34002
34,1013.4256000000001,-531.7488,1159.8708000000001,-34998
35,1053.646,-545.182,1171.7112,-36002
36,1093.6915662650604,-558.570281124498,1182.5795180722894,-37001
37,1132.726104417671,-570.5289156626507,1192.4220883534135,-37999
38,1178.1044000000002,-586.058,1203.7124,-39000
39,1225.686,-600.4548000000001,1213.3396,-39998
40,1271.1291999999999,-614.7636000000001,1220.384,-41002
41,1318.8691999999999,-628.2496,1226.4296000000002,-41999
42,1370.2436,-643.5835999999999,1230.4688000000003,-42999
43,1419.4136,-656.2732000000002,1233.3023999999998,-43998
44,1468.8799196787147,-670.8939759036145,1233.890763052209,-44998
45,1525.7836000000002,-685.1768000000001,1232.0527999999997,-46008
46,1580.4932000000001,-698.5616000000001,1228.2028,-47001
47,1633.0512,-708.994,1222.0427999999997,-47999
48,1688.4296000000002,-719.3120000000001,1212.9304,-48999
49,1745.9297188755022,-728.2618473895583,1200.5329317269077,-50001
50,1799.4416,-737.396,1186.7856000000002,-51000
51,1853.3636000000001,-745.0828,1169.7444,-51999
52,1910.3656,-751.6211999999999,1148.4924,-53001
53,1965.0048000000002,-756.5536000000001,1123.2584,-53999
54,2014.378313253012,-759.9100401606426,1098.1180722891568,-55002
55,2066.5832,-762.5728,1068.1616000000001,-55997
56,2116.048,-762.3792000000001,1033.2036000000003,-57000
57,2160.1756,-761.046,1001.9108,-58000
58,2205.4472,-758.8063999999999,964.7308,-59001
59,2247.6827999999996,-754.82,924.3784,-59999
60,2286.4468,-749.7556000000001,885.3548000000001,-60999
61,2321.44,-743.5383999999999,844.5931999999999,-61999
62,2354.2947999999997,-735.5084000000002,802.1596000000001,-63000
63,2384.950200803213,-725.3506024096386,760.395983935743,-64002
64,2411.2000000000003,-715.286,718.5156000000001,-64999
65,2434.3615999999997,-703.934,677.5164,-66000
66,2454.6940000000004,-692.8504,635.0388,-67000
67,2472.7516000000005,-680.4204,594.6248,-67999
68,2488.2924000000003,-667.788,555.7552000000001,-69000
69,2502.7904,-656.8452000000001,516.6876,-70000
70,2516.6284,-645.9508000000001,478.5924,-71001
71,2527.7252000000003,-635.7428000000001,442.84680000000003,-71998
72,2536.9388000000004,-625.7328,407.69960000000003,-72999
73,2546.5396,-617.1572000000001,373.9032000000001,-73998
74,2554.6444,-609.4616,340.56440000000003,-74998
75,2561.1784000000002,-600.8904000000001,310.1956,-75999
76,2568.2052,-594.3564,278.806,-76998
77,2574.2596000000003,-587.9236000000001,248.44159999999997,-77999
78,2582.316,-583.3256000000001,218.5788,-78999
79,2589.2108,-579.568,190.11079999999998,-79998
80,2595.3048,-575.7972000000001,161.9948,-80998
81,2602.5868000000005,-575.2032,133.2188,-82002
82,2609.0372,-574.8292,104.522,-82998
83,2616.6140000000005,-575.2956000000001,76.3664,-83999
84,2623.1964000000003,-577.2711999999999,48.21960000000001,-84998
85,2631.3012000000003,-581.218,18.744,-86001
86,2639.1288000000004,-585.53,-11.6072,-87000
87,2647.2512,-590.084,-42.9836,-87999
88,2655.2064000000005,-597.5332,-76.27839999999999,-89002
89,2662.8448,-605.2772,-109.54240000000001,-89998
90,2670.3468,-614.7152000000001,-144.6412,-91000
91,2677.4396,-624.338,-183.0796,-91998
92,2684.3036,-634.92,-221.39479999999998,-92997
93,2688.5892000000003,-646.7384000000001,-262.88680000000005,-93998
94,2691.194,-658.9748000000001,-305.48320000000007,-94999
95,2691.9816,-672.21,-351.3268,-96000
96,2690.8507999999997,-685.2428000000001,-397.4784,-96999
97,2689.104,-699.5428,-448.2984,-97998
98,2682.7196,-712.4128000000001,-500.81680000000006,-99001
99,2674.2408,-724.6756000000001,-553.014,-100000
100,2660.3456,-737.5631999999999,-608.8104000000001,-101000
101,2643.3704000000002,-749.5400000000001,-666.4196000000001,-102000
102,2621.3352,-761.3012,-724.6184000000001,-103002
103,2597.0032,-771.7072,-781.5632,-103998
104,2569.0544,-781.4796000000001,-838.6136000000001,-104999
105,2536.226,-789.3908,-898.2556000000001,-105998
106,2498.8598393574302,-795.9317269076305,-952.878313253012,-106998
107,2459.38,-801.1872000000001,-1008.37,-107998
108,2412.0756,-805.8732,-1063.7660000000003,-108998
109,2362.8396000000002,-805.9436000000001,-1112.5972,-110001
110,2310.3916,-803.3212000000001,-1157.6444,-111000
111,2252.2147999999997,-798.468,-1200.716,-112000
112,2190.914,-792.9988000000001,-1239.128,-112999
113,2130.3832,-785.598,-1274.9704,-114007
114,2066.6800000000003,-777.1192000000001,-1306.0212000000001,-114999
115,2002.4664000000002,-766.4756,-1332.6016000000002,-116001
116,1940.07,-755.0664000000002,-1354.958,-117002
117,1874.2812000000001,-742.2228,-1374.164,-117998
118,1807.058,-726.7964000000001,-1388.5564000000002,-118998
119,1741.2868,-710.3448000000001,-1398.21,-119998
120,1675.4276,-693.4796000000001,-1405.2192,-120998
121,1611.3503999999998,-677.7716000000001,-1410.0152000000003,-122001
122,1550.014859437751,-661.6522088353413,-1409.3473895582329,-123000
123,1491.3008,-645.1236000000001,-1406.5744,-123998
124,1430.6512000000002,-626.8724000000001,-1402.0116,-125001
125,1372.7734939759034,-610.204016064257,-1395.6172690763053,-126000
126,1316.9376000000002,-593.6171999999999,-1386.154,-126999
127,1265.0484,-576.5804,-1374.8988,-127997
128,1211.5285140562248,-559.0253012048192,-1361.8883534136544,-128999
129,1161.1292,-541.9216000000001,-1349.2908,-129999
130,1113.7764,-527.9956000000001,-1334.4363999999998,-131007
131,1067.1496000000002,-511.83000000000004,-1318.8648,-131996
132,1020.4172,-495.69960000000003,-1301.7135999999998,-132999
133,978.4588,-480.6076,-1285.3236000000002,-134000
134,936.4828,-466.23720000000003,-1266.4696000000001,-134999
135,896.1655999999999,-452.10880000000003,-1247.9104,-136000
136,858.2948,-439.20360000000005,-1228.524,-136997
137,822.0784,-426.61960000000005,-1210.2904,-138000
138,785.7578313253013,-413.72811244979926,-1190.8759036144577,-139001
139,751.5684,-401.58360000000005,-1171.126,-139998
140,720.6364,-391.01039999999995,-1152.1136,-141000
141,688.3756000000001,-379.59680000000003,-1131.7988,-142007
142,657.3512000000001,-369.50759999999997,-1112.298,-143004
143,629.0372,-360.426,-1092.1548,-143998
144,601.8584000000001,-349.63719999999995,-1072.412,-144999
145,573.32,-337.27759999999995,-1051.7627999999997,-145999
146,547.0432,-326.25559999999996,-1032.24,-146999
147,523.1512,-318.13320000000004,-1014.0372,-147998
148,499.5016064257029,-307.9602409638554,-994.187951807229,-148998
149,476.036,-299.75440000000003,-975.0092,-150000
150,453.8072,-291.5,-955.9703999999999,-150999
151,432.35280000000006,-284.0772,-938.0668000000001,-152002
152,412.7508,-276.6324,-919.1556,-152998
153,393.0432,-269.4252,-900.6007999999999,-153998
154,376.16920000000005,-262.99240000000003,-884.3384,-155001
155,357.35480000000007,-256.4144,-867.1828,-156000
156,339.3896,-249.1368,-847.748,-157002
157,323.91040000000004,-243.386,-833.1884000000001,-157999
158,308.1672,-237.9256,-816.6576000000001,-159000
159,291.63640000000004,-232.826,-798.7628000000001,-159999
160,278.1548,-227.744,-783.4068000000001,-160999
161,264.286,-222.596,-767.3951999999999,-161998
162,250.7032,-216.4096,-750.7852,-163000
163,236.86520000000002,-211.13839999999996,-735.4468,-163999
164,225.346,-206.7868,-721.82,-165000
165,213.3824,-202.6552,-707.0756000000001,-166001
166,201.74439999999998,-198.62040000000002,-692.1728,-167008
167,189.88639999999998,-194.5768,-677.8948,-168001
168,179.98915662650603,-190.1144578313253,-663.7903614457831,-168999
169,170.04497991967872,-186.14738955823296,-650.0293172690764,-170000
170,160.2964,-180.928,-636.4776,-171002
171,150.2072,-177.72920000000002,-623.6956000000001,-171999
172,141.19317269076308,-173.68072289156626,-610.3056224899599,-172999
173,132.33440000000002,-170.3856,-598.1492,-174000
174,123.6752,-166.518,-585.4464,-175006
175,115.83439999999999,-164.37959999999998,-573.5708000000001,-175999
176,108.13,-162.0564,-561.55,-177000
177,100.9448,-159.99720000000002,-549.758,-178001
178,93.43839999999999,-156.09879999999998,-538.2564,-178997
179,87.2872,-154.35640000000004,-527.0011999999999,-180004
180,79.904,-151.69,-515.504,-180997
181,74.84400000000001,-149.78920000000002,-507.2232000000001,-181999
182,69.06679999999999,-147.7124,-497.5828,-182999
183,62.7308,-144.7424,-485.43440000000004,-183998
184,57.780800000000006,-143.528,-476.2252000000001,-184999
185,52.302800000000005,-142.22560000000001,-466.6068,-186001
186,46.26160000000001,-139.282,-456.50880000000006,-186995
187,41.4568,-138.01479999999998,-446.67040000000003,-187999
188,37.1404,-136.80480000000003,-438.3852,-188999
189,32.58032128514056,-134.67710843373496,-429.30923694779125,-189999
190,27.6628,-132.3784,-418.792,-191007
191,23.9096,-131.32240000000002,-411.36480000000006,-191999
192,20.372,-130.27079999999998,-402.974,-192998
193,15.9852,-127.7672,-393.63720000000006,-194002
194,11.7876,-125.4792,-386.27600000000007,-194998
195,8.830800000000002,-123.95240000000001,-377.92480000000006,-196001
196,5.2712,-121.6512,-370.6076,-196998
197,1.4520000000000002,-120.17719999999998,-362.06280000000004,-198003
198,-1.1792,-119.55679999999998,-355.06680000000006,-198999
199,-4.501200000000001,-118.25439999999999,-347.76719999999995,-199998
200,-7.334800000000001,-117.2556,-339.9176,-200997
201,-10.885140562248997,-115.9152610441767,-333.33092369477913,-201999
202,-13.2572,-114.994,-326.5064,-202999
203,-15.316400000000002,-113.7972,-319.638,-204002
204,-18.2732,-113.14160000000001,-312.246,-205000
205,-21.256400000000003,-112.486,-306.22679999999997,-206002
206,-23.034,-111.6104,-299.99640000000005,-206998
207,-24.604800000000004,-110.84039999999999,-293.89360000000005,-208000
208,-26.439600000000002,-110.022,-287.6764,-208999
209,-28.912399999999998,-110.00880000000001,-282.23359999999997,-210000
210,-30.6636,-108.97919999999999,-276.1968,-211002
211,-31.948400000000003,-108.0552,-271.0576,-212001
212,-33.7744,-107.4436,-265.3728,-212999
213,-36.64320000000001,-106.16760000000001,-259.8772,-214000
214,-37.4836,-104.68039999999999,-254.01200000000003,-215002
215,-38.7244,-103.818,-248.10280000000003,-216001
216,-40.33040000000001,-104.6936,-244.2132,-216998
217,-42.0728,-104.56160000000001,-239.3116,-217996
218,-42.28152610441767,-104.73855421686747,-234.24698795180723,-218998
219,-44.2816,-103.71239999999999,-229.262,-219999
220,-44.902,-104.6012,-225.0732,-220998
221,-46.42439999999999,-103.69919999999999,-220.6996,-222001
222,-47.168,-104.4912,-216.4184,-222999
223,-46.842400000000005,-105.18639999999999,-212.2956,-223999
224,-48.0964,-105.4812,-207.68439999999998,-225000
225,-49.302,-105.4592,-203.2184,-226000
226,-49.57920000000001,-105.41520000000001,-199.0648,-226998
227,-50.424,-104.32839999999999,-195.69879999999998,-227999
228,-51.409600000000005,-103.66839999999999,-190.91600000000003,-228998
229,-52.492000000000004,-103.84879999999998,-187.3212,-229998
230,-53.0508,-104.82560000000001,-183.40960000000004,-230998
231,-52.7868,-105.9652,-180.34279999999998,-231998
232,-53.13440000000001,-105.27,-176.7524,-232997
233,-54.50279999999999,-103.4924,-172.9596,-234004
234,-55.44,-102.3176,-169.59800000000004,-235000
235,-55.866800000000005,-102.03160000000001,-166.02519999999998,-235998
236,-56.680800000000005,-102.19,-162.5008,-236998
237,-56.579600000000006,-104.478,-159.7464,-237999
238,-56.0472,-106.13680000000001,-156.0592,-238998
239,-56.76440000000001,-105.4944,-152.9748,-239998
240,-56.636799999999994,-104.52640000000001,-151.10479999999998,-240999
241,-57.358399999999996,-103.84879999999998,-147.29,-241998
242,-58.938,-102.4496,-144.19240000000002,-243001
243,-58.542,-102.828,-142.37080000000003,-244000
244,-58.115199999999994,-103.31639999999999,-141.878,-244095
