Index,Bzs_mean,Bys_mean,Bxs_mean,motor_positions
0,280.7332,-284.416,856.702,-1000
1,294.5712,-291.1304,875.006,-1999
2,309.65,-297.75680000000006,894.2912000000001,-2998
3,323.6068,-304.66040000000004,914.1176,-3999
4,340.186,-315.2952000000001,933.8428,-5002
5,356.9896,-324.082,953.1192,-6001
6,374.93280000000004,-332.32319999999993,972.8048,-7000
7,391.829718875502,-339.1004016064257,995.0317269076305,-7999
8,410.9248,-347.1204,1015.8191999999999,-9001
9,430.4168,-357.29760000000005,1037.5816,-10001
10,451.616,-367.3824,1060.0876,-10998
11,473.7128000000001,-378.6684,1082.8444,-12002
12,496.1132,-392.326,1104.9632,-13000
13,518.1484,-405.10360000000003,1128.1512000000002,-14001
14,543.4396,-416.71520000000004,1151.6163999999999,-14995
15,568.4932000000001,-429.00000000000006,1176.9516,-16000
16,593.9824000000001,-440.36960000000005,1200.3111999999999,-17001
17,622.3976,-453.0724000000001,1226.5044,-17999
18,650.6148000000001,-465.2472,1251.1224,-19002
19,680.7152000000001,-478.25360000000006,1278.0856,-19999
20,711.5152,-491.5328,1302.268,-21000
21,744.678,-506.7612000000001,1329.5876,-22001
22,779.3896000000001,-522.962,1355.8512000000003,-23001
23,814.8967871485944,-539.0,1383.636546184739,-24002
24,851.0612,-555.786,1409.892,-25000
25,890.2696,-572.4708,1437.6736,-25998
26,931.4316000000001,-590.1676,1464.5532000000003,-26999
27,973.1348,-608.5156000000001,1491.0016,-27998
28,1018.9431999999999,-628.0736,1518.99,-29008
29,1066.1728,-648.692,1546.2744000000002,-30002
30,1113.2351999999998,-668.6724,1572.1112000000003,-31001
31,1163.3336000000002,-689.8364,1599.7212,-32001
32,1216.8297188755018,-711.8369477911648,1626.1843373493978,-33002
33,1270.412,-732.9256000000001,1652.068,-34000
34,1323.3924,-754.512,1674.464,-35000
35,1383.6592000000003,-777.4844000000002,1697.3308,-35998
36,1441.6424000000002,-799.0928,1719.4276,-37000
37,1499.8588000000002,-821.4052,1739.0296,-37998
38,1569.2732,-846.6656,1760.99,-39000
39,1638.8372000000002,-871.596,1779.7516,-39998
40,1707.0807228915662,-894.5871485943776,1797.2188755020081,-40999
41,1780.13,-919.1776,1811.2204,-42001
42,1859.3564,-943.8968000000001,1823.4436,-43000
43,1933.7116465863453,-966.7807228915663,1831.8887550200805,-43998
44,2014.2672,-990.3388,1838.1263999999999,-45001
45,2098.8264000000004,-1013.8392000000001,1841.1228,-46001
46,2187.475903614458,-1036.1602409638554,1839.9244979919679,-47002
47,2272.4416,-1056.8272000000002,1833.986,-48001
48,2365.4240963855427,-1078.3887550200805,1824.9485943775098,-48998
49,2456.608,-1096.3128000000004,1807.9424000000001,-49999
50,2542.8788,-1111.7656,1789.6692,-51000
51,2636.4976,-1125.6212000000003,1761.9887999999999,-51999
52,2726.6668000000004,-1135.618,1729.2968,-53002
53,2819.3044000000004,-1143.9427999999998,1688.7376000000002,-54000
54,2902.5524000000005,-1148.4616,1646.7396,-54998
55,2987.0764000000004,-1148.884,1595.9636,-55999
56,3065.6692000000003,-1146.1296,1539.1244,-57000
57,3139.4308,-1139.5603999999998,1482.4655999999998,-57999
58,3212.5654618473895,-1129.8590361445783,1416.5261044176707,-58999
59,3274.986,-1115.7388,1349.1808,-59999
60,3333.9107999999997,-1099.3532,1277.5444,-60999
61,3386.6668,-1080.2176000000002,1207.558,-61999
62,3433.5047999999997,-1057.1264,1134.342,-62999
63,3472.9992,-1032.79,1061.7112000000002,-64001
64,3506.4920000000006,-1007.0324000000002,990.308,-65001
65,3535.2504,-980.4168000000001,920.6648,-65998
66,3559.0280000000002,-952.7628000000001,853.3976,-67000
67,3574.6612000000005,-925.2275999999999,788.1984000000001,-68001
68,3589.7708000000002,-898.1588,727.3772,-68999
69,3601.0392,-871.5344,667.7924000000002,-70001
70,3609.7405622489955,-844.8706827309238,611.4939759036145,-70999
71,3615.7924,-820.534,558.844,-71999
72,3619.33,-798.7452000000001,510.9236,-72998
73,3623.1888,-778.0784,464.8424,-73998
74,3626.0224,-759.3387999999999,422.3604,-75000
75,3628.4115999999995,-743.1996000000001,382.30280000000005,-76001
76,3630.4928,-728.4244,343.42,-77001
77,3631.7116,-715.5060000000001,306.3896,-77999
78,3636.842,-705.1132000000001,271.48,-79002
79,3642.8656000000005,-697.3252,238.13240000000002,-80002
80,3649.8880000000004,-691.7372,206.3688,-81000
81,3656.6551999999997,-689.304,174.88680000000005,-81998
82,3665.7632000000003,-688.006,142.2432,-82997
83,3676.728,-689.4184,110.14959999999999,-83999
84,3689.2064,-692.4852,77.814,-84999
85,3700.5364000000004,-698.2668000000001,45.632400000000004,-85998
86,3715.052,-705.8348000000001,10.819600000000003,-87001
87,3733.29,-717.1648,-27.684800000000003,-88000
88,3750.6567999999997,-730.6288000000001,-67.44320000000002,-89000
89,3767.7772,-747.0628,-107.7736,-89999
90,3787.0976,-765.8112,-154.8184,-91002
91,3808.3188,-786.9312,-204.512,-91998
92,3826.776305220884,-809.683935742972,-254.66546184738957,-92998
93,3844.3768,-836.7128,-313.92240000000004,-93998
94,3859.7592,-864.0236000000001,-377.5552,-95001
95,3872.1496,-891.5852,-443.92040000000003,-96001
96,3881.5964,-921.976,-514.646,-96999
97,3888.0184738955827,-954.9987951807228,-594.9188755020081,-98000
98,3888.6407999999997,-986.7176000000001,-676.1524000000002,-98999
99,3885.7016,-1018.3403999999999,-761.9436000000001,-100001
100,3873.7512,-1052.4536,-856.9704,-101000
101,3853.212,-1083.6804000000002,-954.2148000000001,-102000
102,3823.556,-1111.2112,-1052.7528,-102999
103,3785.2584,-1135.4816,-1148.818,-104002
104,3742.4915662650606,-1158.4546184738956,-1248.0317269076306,-104998
105,3689.8268,-1179.5608,-1351.0288,-105998
106,3628.5819277108435,-1196.6763052208837,-1446.2614457831323,-107002
107,3558.1084000000005,-1209.0496,-1540.7876,-108007
108,3476.3124,-1216.9212000000002,-1633.6188000000002,-109000
109,3391.5552000000002,-1219.7284000000002,-1713.382,-109999
110,3299.1332,-1217.3832000000002,-1786.8268,-111002
111,3198.272,-1211.2627999999997,-1855.172,-112001
112,3091.4224000000004,-1198.9384000000002,-1915.1528,-113007
113,2985.8796,-1186.9924,-1966.1356,-113998
114,2883.1924000000004,-1169.124,-2007.6804,-114998
115,2773.738,-1147.2384,-2042.1764,-115999
116,2663.9536000000003,-1123.7996,-2069.4652,-116997
117,2561.3104000000003,-1099.4412,-2087.5008,-117999
118,2450.0212,-1070.9864,-2101.1496000000006,-119008
119,2343.5588,-1042.448,-2104.6652000000004,-119998
120,2241.5128514056228,-1013.559437751004,-2104.6534136546184,-120998
121,2146.914,-984.6451999999999,-2099.6668,-121999
122,2048.8072,-954.4744,-2088.5128000000004,-123002
123,1955.8616000000002,-925.562,-2073.6012,-124002
124,1870.198,-897.4856000000001,-2056.7140000000004,-124999
125,1782.3608000000002,-867.328,-2036.166,-125998
126,1700.512,-837.7072,-2012.824,-127001
127,1625.6636,-812.2532,-1989.174,-128000
128,1552.6236000000001,-784.982,-1962.598,-129001
129,1479.3856,-759.0836,-1934.0728,-130006
130,1413.1436,-733.942,-1905.6663999999998,-130999
131,1348.3888,-709.7772,-1877.2643999999998,-132000
132,1284.2632,-686.29,-1845.3644,-132999
133,1226.3636000000001,-663.0404,-1813.9528,-133999
134,1170.136,-641.7708,-1783.4168,-135000
135,1115.554,-619.3088,-1749.7964000000002,-135998
136,1062.2656000000002,-597.5772000000001,-1717.43,-137000
137,1014.1469879518072,-578.3261044176708,-1685.8493975903614,-138002
138,966.856,-559.768,-1655.0072000000002,-138999
139,919.7759999999998,-539.9064000000001,-1622.2888,-140000
140,878.4204000000001,-523.5648,-1590.4108,-140998
141,837.0208,-507.0692,-1559.5756000000001,-141999
142,796.8815261044176,-490.352610441767,-1527.6481927710845,-142997
143,759.4576000000001,-475.442,-1497.4476000000002,-143999
144,722.8104417670683,-460.04297188755027,-1466.3088353413655,-145000
145,688.05,-445.258,-1436.622,-146000
146,655.226,-431.8424,-1406.3148,-146999
147,623.9331999999999,-418.7391999999999,-1377.9436,-148001
148,594.1276000000001,-406.9032,-1349.5152,-148998
149,563.6092000000001,-393.6152000000001,-1320.2992000000002,-150000
150,536.47,-382.514,-1292.1436,-150999
151,508.8008032128515,-370.0594377510041,-1264.0236947791166,-151999
152,483.61280000000005,-359.6428,-1237.1963999999998,-153000
153,457.534,-347.68800000000005,-1209.164,-154007
154,438.328,-339.9528,-1187.8328000000001,-155002
155,413.2524,-329.076,-1159.51,-156002
156,393.63280000000003,-320.28919999999994,-1136.696,-157000
157,372.35,-312.246,-1111.0572000000002,-158001
158,353.72040000000004,-304.34360000000004,-1088.0803999999998,-158998
159,334.46160000000003,-296.1816,-1064.6504,-160002
160,316.7472000000001,-289.04480000000007,-1041.48,-160999
161,299.64,-281.578,-1019.2996,-162000
162,282.3436,-274.6524,-996.2568,-163000
163,266.00640000000004,-268.5144,-975.062,-163999
164,252.06279999999998,-261.9716,-954.3688000000001,-165001
165,237.19959999999998,-256.0756,-933.724,-165999
166,223.8301204819277,-249.35983935742973,-913.5875502008032,-166999
167,209.7524,-243.8524,-893.9876,-168001
168,198.01319999999998,-239.26760000000002,-874.7112,-168999
169,184.76040000000003,-233.2484,-855.5052000000001,-169999
170,172.5812,-226.2436,-836.8844,-170997
171,161.3392,-219.8988,-819.1172,-172001
172,150.2732,-214.3988,-801.0376000000001,-173000
173,139.7792,-209.6952,-784.388,-174007
174,129.0036,-205.5812,-767.1796,-175000
175,119.8293172690763,-201.01726907630524,-751.0481927710844,-175997
176,111.23639999999999,-196.7064,-734.932,-177002
177,101.87320000000001,-192.676,-718.1108,-177999
178,93.082,-188.4828,-703.3576,-178997
179,84.9376,-185.24439999999998,-687.7596,-179997
180,78.2012,-181.918,-673.7588000000001,-181000
181,70.14920000000001,-178.89520000000002,-659.3663999999999,-182001
182,63.9364,-175.93840000000003,-647.2751999999999,-183007
183,57.178,-172.6032,-631.862,-184000
184,49.8696,-169.7608,-616.8536000000001,-185002
185,44.4136,-166.97560000000001,-606.1175999999999,-186000
186,38.368,-163.81640000000002,-591.8,-186999
187,32.244578313253015,-161.40401606425706,-579.1831325301205,-188000
188,26.941200000000002,-159.3196,-567.314,-189000
189,21.76586345381526,-156.96425702811246,-555.4823293172691,-190008
190,17.3976,-154.352,-543.4,-190998
191,11.836,-151.59320000000002,-530.8688000000001,-191999
192,7.620481927710844,-150.83253012048195,-520.9052208835342,-192999
193,2.9656000000000002,-148.9004,-509.41,-194000
194,-1.0648,-146.872,-499.0128,-195001
195,-4.9016,-144.88320000000002,-488.9588,-195999
196,-9.042,-143.1672,-477.774,-197000
197,-12.1836,-141.7328,-468.1556000000001,-198000
198,-16.1436,-139.2248,-457.9784,-199002
199,-19.9012,-136.55840000000003,-448.5492,-200001
200,-22.3564,-134.4772,-438.6184,-200998
201,-26.8972,-133.276,-429.91960000000006,-202002
202,-28.358,-131.67880000000005,-421.4056000000001,-202998
203,-32.4808,-129.2236,-411.708,-203997
204,-35.244,-128.634,-402.974,-205000
205,-37.752,-127.5736,-393.85720000000003,-205998
206,-40.8892,-126.38560000000001,-386.4256,-207001
207,-42.1432,-125.15360000000001,-377.9732,-208000
208,-45.284800000000004,-123.1868,-369.7848,-208999
209,-47.3,-121.7348,-362.3312000000001,-209998
210,-49.17,-120.9252,-354.728,-211000
211,-51.3084,-119.29720000000002,-346.9664,-212001
212,-52.452400000000004,-119.29720000000002,-339.746,-212998
213,-54.260799999999996,-118.61079999999998,-333.476,-214000
214,-56.8128,-117.3656,-326.1764,-215001
215,-57.582800000000006,-116.29639999999999,-319.1408,-215999
216,-59.382400000000004,-115.5792,-313.126,-217002
217,-60.42489959839357,-115.37630522088354,-306.15783132530123,-217998
218,-61.8684,-114.06120000000001,-300.41880000000003,-218998
219,-63.232400000000005,-113.6344,-293.81880000000007,-219999
220,-64.2356,-112.67079999999999,-288.0636,-221000
221,-65.93373493975903,-112.429718875502,-281.89156626506025,-222001
222,-66.836,-112.0592,-276.8964,-222999
223,-67.342,-111.9844,-271.1764,-224000
224,-68.21320000000001,-111.80839999999999,-265.3552,-225001
225,-68.65759999999999,-111.4696,-259.71,-225998
226,-69.5992,-110.3784,-254.4036,-227000
227,-70.0128,-109.56,-249.70439999999996,-228001
228,-70.51,-109.978,-244.6312,-228998
229,-72.1336,-109.3972,-240.5568,-229998
230,-72.84639999999999,-109.406,-235.71240000000003,-230999
231,-73.2204,-108.47319999999999,-230.90760000000003,-232000
232,-73.07520000000001,-108.6228,-225.984,-232998
233,-73.81485943775101,-107.71164658634538,-222.0277108433735,-234000
234,-75.05520000000001,-107.7076,-216.1764,-235001
235,-74.602,-106.97720000000001,-212.32640000000004,-235998
236,-75.2444,-106.57679999999999,-209.1144,-237001
237,-76.22120000000001,-107.46560000000001,-204.9652,-237999
238,-76.1816,-107.1268,-198.4092,-239001
239,-76.296,-107.43039999999999,-195.24120000000002,-239997
240,-76.75261044176708,-107.35381526104418,-181.8710843373494,-239854
