Index,Bzs_mean,Bys_mean,Bxs_mean,motor_positions
0,795.4276000000001,1229.1003999999998,26.360400000000002,-60955
1,834.416,1255.5928000000001,25.352800000000002,-59956
2,875.446,1282.2172000000003,23.8436,-58959
3,917.7401606425702,1310.2325301204821,23.130923694779117,-57959
4,961.7168,1338.1807999999999,21.155199999999997,-56957
5,1008.4668,1365.5092,19.3116,-55958
6,1059.1988000000001,1395.6668,17.692400000000003,-54960
7,1109.4424000000001,1423.1096,15.796,-53955
8,1163.7604000000001,1451.0584000000001,13.824800000000002,-52959
9,1221.8272,1480.5428,11.2684,-51962
10,1283.3392,1508.8128000000002,9.7988,-50957
11,1344.0328,1536.5548000000001,7.59,-49960
12,1413.4472000000003,1564.8864,4.857600000000001,-48956
13,1484.2784,1590.8244,2.794,-47958
14,1557.564658634538,1615.308032128514,-0.13694779116465863,-46957
15,1636.4083999999998,1639.7347999999997,-2.2088,-45958
16,1717.0516,1660.5644000000002,-4.760800000000001,-44956
17,1800.3568,1678.0632000000003,-7.6648000000000005,-43956
18,1891.164,1694.5544000000002,-10.661200000000001,-42964
19,1988.668,1705.154,-13.3056,-41958
20,2084.4736000000003,1711.0148000000004,-17.230400000000003,-40958
21,2183.6276000000003,1713.3424,-19.822,-39959
22,2288.971887550201,1707.2618473895582,-22.715662650602408,-38957
23,2394.4756000000007,1692.8912000000003,-25.41,-37958
24,2503.4504,1668.8100000000002,-27.970800000000004,-36956
25,2613.8684000000003,1634.0896,-30.632800000000003,-35957
26,2721.606800000001,1590.2392,-31.864800000000002,-34956
27,2825.24,1534.4736,-33.2156,-33960
28,2925.6568,1466.5684,-34.72039999999999,-32959
29,3022.4832,1383.6943999999999,-35.838,-31957
30,3108.3536,1291.0744000000002,-36.555200000000006,-30956
31,3184.522,1187.2256,-36.049200000000006,-29957
32,3250.287951807229,1071.1791164658637,-34.89518072289157,-28955
33,3300.8668,951.4164000000001,-33.6776,-27956
34,3334.5708,834.13,-31.4908,-26956
35,3356.7644000000005,712.1004,-29.3964,-25958
36,3365.1947999999998,587.8752000000001,-26.9588,-24958
37,3357.97,470.9232,-24.494799999999998,-23956
38,3340.084,360.0696,-21.7844,-22956
39,3312.98,257.95,-19.1488,-21957
40,3275.9936000000007,164.45440000000002,-17.1512,-20958
41,3233.23,80.24279999999999,-15.4572,-19956
42,3186.1036144578316,6.1714859437751,-13.058634538152612,-18957
43,3136.413654618474,-58.01726907630522,-11.578714859437751,-17958
44,3085.9928000000004,-112.07239999999999,-10.322400000000002,-16956
45,3033.782329317269,-157.3574297188755,-9.436144578313252,-15955
46,2983.662,-196.35,-8.443599999999998,-14958
47,2936.1948,-228.118,-8.109200000000001,-13958
48,2889.4712000000004,-254.122,-8.430400000000002,-12957
49,2846.8527999999997,-275.8536,-8.4436,-11959
50,2806.2012,-293.8672,-9.530400000000002,-10960
51,2770.68,-307.90319999999997,-9.7328,-9956
52,2738.7756000000004,-317.7152000000001,-10.203600000000002,-8957
53,2707.3376000000003,-326.37,-11.0836,-7959
54,2682.8690763052214,-332.5313253012048,-12.130923694779119,-6962
55,2659.8572000000004,-337.7968,-13.9568,-5957
56,2641.1396,-342.716,-15.074399999999999,-4955
57,2625.0268,-345.3912,-15.9544,-3956
58,2611.7564,-346.7552,-17.5472,-2956
59,2603.4492,-349.51840000000004,-20.257600000000004,-1958
60,2597.6104000000005,-351.37520000000006,-20.7856,-961
61,2594.6536,-354.28360000000004,-23.0296,43
62,2594.4952000000003,-357.478,-25.1196,1043
63,2598.97,-362.23440000000005,-26.496800000000004,2044
64,2605.3675999999996,-367.10080000000005,-28.886,3040
65,2614.0682730923695,-373.0722891566265,-30.716064257028112,4042
66,2625.898,-379.9972,-32.846,5040
67,2641.0912000000003,-390.654,-35.604800000000004,6037
68,2661.296,-403.282,-37.6244,7042
69,2680.9067999999997,-417.96479999999997,-40.34360000000001,8044
70,2705.494,-435.85960000000006,-43.353199999999994,9038
71,2730.8644,-456.62320000000005,-45.381600000000006,10037
72,2758.9281124497998,-481.9546184738956,-49.33654618473895,11042
73,2788.3372000000004,-510.67719999999997,-52.6196,12041
74,2821.0204000000003,-546.9771999999999,-55.594,13044
75,2852.7927999999997,-587.906,-58.6388,14039
76,2884.7544000000003,-634.7044000000002,-64.0904,15040
77,2917.5520000000006,-690.118,-68.14280000000001,16041
78,2948.462,-753.7991999999999,-73.3304,17044
79,2974.2151999999996,-824.1904000000001,-78.75120000000001,18037
80,2996.9236,-902.6908000000001,-84.06639999999999,19043
81,3011.4172000000003,-986.9552000000001,-88.86679999999998,20040
82,3018.796,-1078.6424,-95.3832,21043
83,3017.1856000000007,-1171.654,-100.848,22037
84,3004.7336,-1273.7472000000002,-107.9056,23041
85,2979.9748000000004,-1376.254,-113.96880000000002,24044
86,2945.096,-1475.4651999999999,-119.06840000000001,25042
87,2897.2152,-1572.186,-124.60800000000002,26041
88,2835.6768,-1664.9776000000002,-129.43919999999997,27042
89,2764.5596,-1748.9384,-133.39479999999998,28044
90,2687.7240963855425,-1821.9489959839357,-136.97429718875503,29037
91,2597.5356000000006,-1888.6955999999998,-139.29520000000002,30040
92,2503.5428,-1941.6804000000002,-140.4568,31042
93,2409.7832000000003,-1982.8952000000002,-142.7096,32040
94,2310.9636,-2014.8656,-142.13320000000002,33044
95,2212.5751999999998,-2036.4607999999998,-142.11120000000003,34043
96,2113.0736,-2049.1856,-141.3016,35041
97,2015.838,-2052.292,-139.95959999999997,36045
98,1922.5976,-2050.1448,-138.50320000000002,37042
99,1830.0832,-2039.6992,-136.73,38041
100,1744.1776,-2025.9448,-134.9084,39044
101,1661.3036000000002,-2007.4208000000003,-132.75240000000002,40040
102,1580.9244,-1984.73,-129.932,41044
103,1505.0772000000002,-1960.3891999999996,-127.62640000000002,42046
104,1431.2628000000002,-1929.2107999999998,-125.48360000000001,43042
105,1361.0783999999999,-1897.5747999999999,-122.63239999999999,44043
106,1295.91,-1866.5636000000002,-119.82080000000002,45045
107,1235.3616000000002,-1835.086,-118.42160000000001,46040
108,1176.1464,-1802.0288,-114.87960000000001,47040
109,1120.6888,-1766.9036,-112.22640000000001,48040
110,1066.5776,-1733.3272000000002,-110.08359999999999,49045
111,1016.3208000000001,-1699.2228,-108.8472,50041
112,969.1351999999999,-1666.852,-106.5636,51042
113,926.3722891566266,-1635.7485943775102,-104.63694779116466,52043
114,884.9148,-1604.7196000000001,-102.92920000000001,53040
115,843.5504,-1572.9823999999999,-100.94919999999999,54041
116,804.2281124497993,-1539.690763052209,-99.1722891566265,55041
117,767.8264000000001,-1506.912,-96.844,56044
118,733.8144,-1474.792,-95.61640000000001,57043
119,699.7056,-1443.2616,-93.50880000000001,58043
120,668.4216000000001,-1412.488,-91.62120000000002,59041
121,638.3432,-1383.228,-90.85560000000001,60040
122,609.5452,-1354.1264,-88.6996,61037
123,582.6524,-1324.026,-87.72279999999999,62041
124,557.5542168674699,-1296.5775100401609,-87.21365461847388,63040
125,532.598,-1268.4584000000002,-85.0036,64043
126,508.8952,-1241.0464,-83.49879999999999,65042
127,486.794,-1216.9872,-82.85640000000001,66037
128,465.15040000000005,-1191.1108000000002,-80.9116,67036
129,445.39,-1165.8328,-79.7236,68040
130,425.4404,-1141.0783999999999,-79.5388,69044
131,406.98674698795185,-1116.9550200803214,-78.25903614457832,70044
132,388.4192771084338,-1092.2293172690763,-77.00883534136547,71042
133,369.5516,-1067.5456000000001,-75.5128,72042
134,354.4024,-1043.526,-74.36,73043
135,338.61080000000004,-1020.7384000000001,-74.26319999999998,74041
136,322.7991967871486,-997.7618473895583,-72.34819277108433,75043
137,308.8184,-976.6108,-71.214,76038
138,295.01120000000003,-956.1816,-69.652,77041
139,280.59680000000003,-935.9064,-69.50240000000001,78040
140,268.62440000000004,-915.6708000000001,-68.1692,79041
141,256.63439999999997,-897.1644000000001,-66.8624,80040
142,245.9292,-879.2036,-66.28160000000001,81040
143,233.53879999999998,-858.3564000000001,-64.6316,82040
144,222.31440000000003,-839.0844000000001,-62.8408,83042
145,212.55960000000005,-820.3580000000001,-62.6384,84041
146,202.14040000000003,-803.4488,-61.8288,85037
147,192.10840000000002,-786.0512,-60.34160000000001,86042
148,183.59839357429718,-768.6481927710843,-59.53253012048193,87041
149,174.89559999999997,-752.7036,-58.4848,88042
150,166.6984,-737.1628000000001,-56.900800000000004,89041
151,157.652,-721.5208,-55.976800000000004,90041
152,150.502,-706.8116000000001,-55.0792,91040
153,143.4532,-690.7604000000001,-54.278400000000005,92042
154,136.488,-677.4108,-52.927600000000005,93039
155,130.14759999999998,-663.52,-51.6648,94041
156,123.31,-650.9491999999999,-50.79800000000001,95043
157,117.15879999999999,-638.3124000000001,-50.2744,96041
158,110.9856,-625.7636000000001,-48.580400000000004,97038
159,105.27,-612.1895999999999,-48.18000000000001,98042
160,100.14417670682731,-600.5116465863455,-47.31767068273093,99042
161,95.13239999999999,-588.1436,-46.2088,100043
162,89.9228,-576.4572,-44.3652,101042
163,85.2324,-563.8468,-43.942800000000005,102042
164,79.9788,-553.4452,-43.1024,103043
165,75.6888,-542.9072,-41.219199999999994,104042
166,71.6804,-532.7432,-41.505199999999995,105041
167,66.5236,-522.4032,-39.9696,106041
168,62.392,-512.4108,-39.3888,107042
169,58.308800000000005,-503.13560000000007,-38.1128,108041
170,56.012,-493.3192,-37.545199999999994,109042
171,51.6472,-483.7316,-36.418800000000005,110043
172,49.2712,-474.9492000000001,-35.415600000000005,111040
173,45.936,-465.6388,-34.3464,112043
174,42.7988,-457.57360000000006,-33.7304,113039
175,39.006,-448.9144,-32.9736,114041
176,37.73,-441.0912,-31.966,115043
177,33.558800000000005,-432.08880000000005,-30.7604,116041
178,32.02760000000001,-425.08400000000006,-30.593200000000003,117041
179,28.65301204819277,-416.91325301204824,-29.209638554216866,118041
180,26.2284,-409.48159999999996,-28.437199999999997,119043
181,24.2528,-401.60560000000004,-27.3504,120042
182,22.4752,-394.53040000000004,-27.064400000000003,121041
183,19.294,-387.19120000000004,-26.254800000000003,122042
184,17.595599999999997,-381.2292,-25.3484,123044
185,15.122800000000002,-375.79080000000005,-24.4156,124041
