Index,Bzs_mean,Bys_mean,Bxs_mean,motor_positions
0,122.44016064257028,-86.33895582329318,720.1377510040161,-998
1,130.97039999999998,-87.9428,737.5896000000001,-1998
2,140.07840000000002,-89.6808,755.7396000000001,-2999
3,148.35920000000002,-90.66640000000001,773.9072,-4000
4,157.7972,-92.1008,792.9548000000001,-5001
5,167.4376,-93.53080000000001,811.7956000000001,-5999
6,177.3332,-95.19839999999999,830.8475999999999,-7001
7,187.8184,-97.7592,851.5452,-7999
8,199.3288,-98.9824,872.2472,-8999
9,210.32439999999997,-100.1704,893.3320000000001,-9999
10,223.32640000000004,-101.86439999999999,915.2044000000001,-11001
11,236.192,-103.26360000000001,938.8324,-12002
12,249.01084337349397,-105.78112449799197,961.7666666666667,-13002
13,262.82520000000005,-106.5416,984.5484,-14000
14,277.5124,-108.91320000000002,1008.5812000000001,-15001
15,293.0972,-112.31879999999998,1034.77,-16000
16,308.14080000000007,-114.87519999999999,1059.3483999999999,-17001
17,325.644,-117.21159999999999,1086.1884,-18002
18,343.16040000000004,-119.42040000000001,1113.4112000000002,-19001
19,362.5468,-122.34639999999999,1142.5568,-20002
20,380.5516,-124.6124,1170.5628000000002,-20999
21,400.9544,-127.41080000000002,1200.9492000000002,-21999
22,422.9852,-129.36440000000002,1231.5776,-22997
23,444.26360000000005,-132.25080000000003,1263.0331999999999,-23999
24,467.5352000000001,-136.0524,1294.7043999999999,-24997
25,492.69440000000003,-138.78040000000001,1327.9463999999998,-26002
26,517.2596000000001,-142.20800000000003,1361.9936,-26999
27,544.6891999999999,-145.5168,1397.3827999999999,-28001
28,573.8744,-149.1952,1433.2516,-28998
29,604.1332,-152.4776,1471.8352000000002,-30001
30,633.9828,-156.97,1509.53,-31000
31,666.9666666666667,-159.9859437751004,1547.6955823293176,-32002
32,701.8924,-164.35320000000002,1588.6508000000001,-32998
33,737.5104,-168.40120000000002,1630.3716000000002,-34002
34,773.2911646586346,-172.26706827309238,1669.9016064257028,-35001
35,812.8868,-176.87559999999996,1713.382,-35999
36,851.8795999999999,-181.40760000000003,1755.3712000000003,-37002
37,894.5728,-186.0276,1799.1688000000004,-38001
38,941.8728000000001,-190.828,1847.4940000000001,-39001
39,990.1848,-195.83520000000001,1893.8788000000002,-39999
40,1042.03,-201.2428,1944.4348,-40998
41,1096.3436000000002,-206.668,1993.9436,-41999
42,1154.7404,-212.916,2047.5752000000002,-42998
43,1215.3724,-219.09360000000004,2099.5744000000004,-43999
44,1280.62,-226.0192,2152.9816,-45001
45,1350.6284,-232.2628,2209.3456,-45999
46,1424.5572000000002,-239.06080000000003,2266.242,-47000
47,1504.5008000000003,-246.466,2325.7036000000003,-47999
48,1593.3412000000003,-255.0636,2386.956,-49001
49,1682.4148,-262.74159999999995,2445.2252000000003,-50001
50,1777.6927710843374,-271.1787148594378,2503.9666666666667,-50999
51,1885.2548000000002,-280.6892,2565.3716,-52000
52,1995.598,-291.86960000000005,2623.5044000000003,-53001
53,2116.6464000000005,-303.3052,2682.9352000000003,-54002
54,2244.3212000000003,-314.71880000000004,2736.1576000000005,-55000
55,2382.3096,-325.95640000000003,2789.5252,-56000
56,2528.658,-338.2588,2836.3324,-57000
57,2683.3312,-350.16960000000006,2875.3296,-57999
58,2851.0988,-364.0252000000001,2904.9988,-58998
59,3023.614,-379.31080000000003,2922.81,-59998
60,3206.1788,-393.87919999999997,2927.6456000000007,-60999
61,3399.1276000000003,-406.01,2915.4004000000004,-61998
62,3591.9532000000004,-420.2836000000001,2880.6096000000007,-63000
63,3786.6223999999997,-433.9632000000001,2818.7148,-64007
64,3977.38,-446.49440000000004,2729.2672000000002,-65000
65,4161.462800000001,-457.85080000000005,2606.9692,-65998
66,4329.9256000000005,-466.40880000000004,2457.8136,-66999
67,4477.1584,-473.98560000000003,2281.0788,-67998
68,4599.1792000000005,-477.77840000000003,2079.9680000000003,-68998
69,4693.268800000001,-479.87280000000004,1861.002,-70001
70,4753.848,-479.64840000000004,1616.9604000000002,-70999
71,4780.5911646586355,-477.2674698795181,1387.400401606426,-71998
72,4775.0912,-472.51160000000004,1154.5335999999998,-72998
73,4736.05,-465.83680000000004,933.68,-74000
74,4671.779199999999,-456.764,730.8004,-75000
75,4589.288,-448.2632000000001,557.2732,-75999
76,4491.119600000001,-439.70520000000005,400.25480000000005,-77001
77,4381.484800000001,-431.2484,266.5168,-77999
78,4268.805200000001,-423.3856,160.58679999999998,-79001
79,4158.413600000001,-415.39959999999996,80.19,-80000
80,4048.7392,-410.2428,15.9016,-81000
81,3942.5804000000003,-404.26759999999996,-33.5984,-82004
82,3847.096,-399.91159999999996,-67.2144,-83000
83,3754.9184738955823,-395.73052208835344,-90.35461847389558,-83998
84,3671.514,-392.788,-107.10479999999998,-84999
85,3600.7927999999997,-390.49119999999994,-115.49560000000001,-86001
86,3532.2408000000005,-388.08880000000005,-118.1224,-87001
87,3466.9052,-387.44200000000006,-115.75079999999998,-88002
88,3415.2712,-387.178,-109.81079999999999,-88998
89,3369.5904000000005,-386.24960000000004,-101.42,-90000
90,3329.2072000000003,-385.70840000000004,-91.014,-91002
91,3293.928,-385.9152000000001,-77.8448,-92001
92,3266.3092,-386.5488,-65.428,-92998
93,3243.2488,-388.1108,-50.089600000000004,-94001
94,3225.928915662651,-388.75943775100404,-33.6008032128514,-95000
95,3213.7776,-389.14039999999994,-16.6408,-95999
96,3206.3592000000003,-390.9576,0.4444000000000001,-96999
97,3205.1976,-392.854,19.0036,-97998
98,3209.9188,-395.1376,37.36039999999999,-99000
99,3218.507228915663,-396.8040160642571,56.23253012048193,-100001
100,3234.5192,-400.3252,74.37319999999998,-101001
101,3256.264,-403.2908,93.92679999999999,-102002
102,3283.3497991967874,-407.6979919678715,112.40763052208835,-102999
103,3316.7024000000006,-412.51759999999996,130.05519999999999,-103999
104,3357.0636,-415.9496000000001,147.422,-104999
105,3406.2072000000003,-421.4408,163.64479999999998,-105999
106,3462.338,-426.39080000000007,178.134,-106998
107,3529.9968,-433.17560000000003,190.322,-108000
108,3606.9572000000003,-440.90200000000004,198.88879999999997,-108995
109,3691.1512000000002,-447.25120000000004,201.17239999999998,-110001
110,3785.6412,-455.8752,197.0892,-110999
111,3894.11,-464.8688,182.6792,-111997
112,4015.958634538153,-473.72449799196795,155.6698795180723,-113000
113,4144.8968,-486.03280000000007,114.1316,-114002
114,4281.9656,-496.3464,50.182,-115001
115,4428.784799999999,-508.3804,-39.0368,-116000
116,4572.929718875502,-519.2,-153.24899598393574,-117001
117,4711.6652,-529.958,-304.568,-117997
118,4845.0248,-538.78,-502.0004,-119001
119,4953.675502008033,-545.3967871485944,-729.940562248996,-120001
120,5029.7852,-549.4191999999999,-995.9796,-121006
121,5068.663600000001,-548.2488000000001,-1277.3464000000001,-121999
122,5058.741599999999,-542.63,-1574.7776000000003,-123002
123,5008.3792,-534.5164,-1862.718,-124000
124,4903.853012048193,-520.9803212851407,-2158.747791164659,-125006
125,4757.390000000001,-503.92760000000004,-2412.146,-126001
126,4578.0944,-483.23,-2627.0948,-127002
127,4377.472,-461.9912,-2797.146,-128001
128,4168.366400000001,-441.1616,-2926.1496,-128999
129,3942.4703999999997,-419.6412,-3018.8751999999995,-129999
130,3717.5248,-398.32320000000004,-3074.9795999999997,-130999
131,3504.555823293173,-378.41767068273094,-3099.5128514056228,-131997
132,3293.0964000000004,-359.97280000000006,-3104.3671999999997,-132997
133,3097.0852,-342.3992,-3086.2656,-133995
134,2910.820883534137,-327.4995983935743,-3054.4437751004016,-135000
135,2737.2136,-311.98639999999995,-3015.6808,-135999
136,2572.4732000000004,-297.6292,-2965.6792,-136999
137,2419.2608000000005,-284.7592,-2907.4892,-137999
138,2278.5004,-272.1884,-2847.7284,-138999
139,2144.7228000000005,-260.35240000000005,-2786.1504000000004,-140000
140,2022.9352000000001,-250.58880000000002,-2721.9279999999994,-140998
141,1909.204,-241.2212,-2657.7584,-141998
142,1801.7076,-232.4212,-2592.8276,-142998
143,1703.1564000000003,-224.63320000000002,-2529.1376,-143997
144,1607.298,-218.09920000000002,-2462.8867999999998,-144999
145,1521.2208000000003,-211.99640000000002,-2401.1064000000006,-146001
146,1439.6316000000002,-205.7572,-2338.5824000000002,-146999
147,1365.078,-200.52559999999997,-2280.7400000000007,-147997
148,1293.8596,-195.06519999999998,-2220.0024000000003,-149000
149,1222.2012000000002,-189.332,-2159.7268,-150000
150,1159.202,-184.514,-2105.1184000000003,-150999
151,1098.0992,-180.10520000000002,-2048.4244,-151998
152,1041.9112000000002,-176.5192,-1994.7488,-152999
153,985.4592,-172.62080000000003,-1939.5067999999999,-153998
154,940.0644,-170.0336,-1894.0152000000003,-154999
155,896.566265060241,-166.91726907630522,-1850.363453815261,-155996
156,846.1332,-162.734,-1796.0712,-156993
157,801.2224,-158.774,-1748.5468000000003,-157999
158,764.6628000000001,-155.9976,-1708.036,-159002
159,725.142,-154.07920000000001,-1661.8491999999999,-160000
160,687.3277108433737,-151.36706827309237,-1618.8686746987953,-161000
161,653.5804,-148.8784,-1580.128,-162001
162,620.1976,-146.40120000000002,-1538.7548000000002,-163002
163,587.0964,-143.3212,-1498.5828000000001,-163998
164,559.0816000000001,-142.2608,-1462.8856,-165000
165,530.882,-139.8188,-1426.9904,-166000
166,502.73080000000004,-137.852,-1390.0964,-166998
167,476.9336,-135.86759999999998,-1355.0196,-167999
168,453.156,-133.87,-1322.86,-168999
169,429.1281124497993,-132.6979919678715,-1289.6815261044178,-170000
170,405.83840000000004,-130.72400000000002,-1256.6136000000001,-170998
171,385.1188,-129.6548,-1227.2436,-172001
172,364.69840000000005,-128.19840000000002,-1196.5228,-173006
173,344.7752000000001,-126.79039999999999,-1166.9372,-174002
174,326.6516,-125.64640000000001,-1138.6408000000004,-174999
175,309.7908,-124.15480000000001,-1111.6907999999999,-176000
176,291.8608,-123.49040000000001,-1083.8256000000001,-176999
177,275.3476,-121.5544,-1056.726,-178000
178,259.92560000000003,-120.04520000000001,-1031.9628,-178999
179,243.3024,-117.99479999999998,-1004.7576,-180007
180,230.7008,-117.22919999999999,-984.566,-181008
181,217.05640000000002,-115.962,-960.366,-181998
182,204.8156,-115.7376,-937.7676000000001,-182996
183,193.74079999999998,-114.1404,-917.8312,-184005
184,179.7268,-113.7136,-891.8844000000001,-185000
185,168.6828,-112.20879999999998,-871.9216000000001,-186006
