Index,Bzs_mean,Bys_mean,Bxs_mean,motor_positions
0,104.0248,-134.93480000000002,487.058,-999
1,109.28280000000001,-139.018,498.9952,-2002
2,115.90039999999999,-142.2432,510.33400000000006,-3002
3,121.198,-145.2088,521.8356000000001,-4000
4,127.56040000000002,-148.148,534.1555999999999,-4999
5,133.9052,-151.94960000000003,546.2732,-6001
6,94.70120000000001,-110.814,336.47240000000005,-7002
7,148.0116,-158.4,569.7912000000001,-7998
8,155.166,-161.5548,582.4324,-8999
9,162.45239999999998,-165.2508,596.2924,-9999
10,171.358,-169.36919999999998,610.3328,-10996
11,179.454,-173.91879999999998,624.4304000000001,-12001
12,188.6808,-178.62680000000003,638.9416000000001,-12999
13,196.9396,-182.0588,653.4176000000001,-14000
14,206.3512,-186.8812,669.4203999999999,-15001
15,216.75279999999998,-191.3384,684.1252,-15999
16,226.58679999999998,-195.60640000000004,699.7936000000001,-16999
17,237.67479999999998,-199.28040000000001,717.0944000000002,-17998
18,248.93,-204.1028,733.2996,-18997
19,260.7484,-208.87680000000003,750.6092,-20002
20,272.52720000000005,-213.76520000000002,768.042,-21000
21,286.132,-219.1156,785.9016000000001,-21999
22,298.2540000000001,-226.0324,804.6632,-22999
23,313.5530120481928,-232.8244979919679,823.7453815261044,-24000
24,327.92320000000007,-239.3996,842.6836,-25002
25,341.76560000000006,-245.2516,861.9644000000001,-26000
26,358.67040000000003,-251.6492,881.386,-27000
27,374.924,-259.57800000000003,902.9635999999999,-28001
28,392.59,-266.2704,923.7755999999998,-28999
29,410.3396,-275.6116,945.098,-30000
30,429.9372000000001,-283.294,966.8911999999999,-30999
31,449.68880000000007,-291.46040000000005,988.7152,-31998
32,470.25,-301.8092,1012.3696000000001,-33001
33,492.646,-311.3308,1035.54,-33997
34,513.7571999999999,-320.1044,1058.4772000000003,-35002
35,536.8792,-329.208,1081.19,-35998
36,559.2136,-338.5668,1104.8312,-36999
37,584.562,-348.97720000000004,1129.6163999999999,-38005
38,610.9312000000001,-360.83080000000007,1154.8724,-38995
39,639.4843373493977,-372.078313253012,1181.2497991967869,-40000
40,666.3184,-382.4392,1206.0312,-40998
41,697.3603999999999,-393.5888,1234.6444,-42007
42,728.5432,-405.55680000000007,1261.4932000000001,-42999
43,761.4332,-418.17600000000004,1287.6512000000002,-43999
44,796.6948000000001,-431.882,1317.1663999999998,-45005
45,834.482,-446.93440000000004,1346.6992000000002,-46000
46,874.522,-463.6896,1375.1452,-47000
47,914.4300000000001,-478.918,1404.4976000000001,-48000
48,960.0096,-496.1308,1436.1732000000002,-48999
49,1007.7804,-514.844,1467.8796,-50002
50,1053.3644,-532.224,1495.4368000000002,-51000
51,1104.5056,-551.54,1526.0696,-51999
52,1161.8332000000003,-571.978,1557.5208,-53002
53,1217.8408,-592.02,1586.9964,-53999
54,1279.7487999999998,-613.6504,1615.3587999999997,-55000
55,1343.4212000000002,-636.1872000000001,1644.7508,-55999
56,1410.8028,-658.8252,1674.1648000000002,-56999
57,1482.5844,-682.5764,1699.5924,-57999
58,1555.8312,-706.6004,1723.1368,-58998
59,1637.2708,-732.3404,1745.4492000000002,-60000
60,1716.6184738955824,-756.1991967871486,1765.2040160642573,-61002
61,1805.2672000000002,-781.8932000000001,1782.2156,-61998
62,1897.478,-807.6332000000001,1794.5532000000003,-62998
63,1986.424,-832.3788000000001,1800.7043999999999,-63998
64,2088.4028000000003,-857.1288000000001,1800.6032,-64997
65,2187.1915999999997,-879.648,1794.5488,-66000
66,2291.0492000000004,-901.9076000000001,1781.2608000000002,-66999
67,2395.4200803212852,-921.6365461847389,1759.2975903614456,-68002
68,2498.056,-938.3131999999999,1728.078,-69001
69,2603.2996000000003,-952.2436000000001,1685.8556,-70002
70,2705.5847389558235,-962.6325301204819,1633.1465863453816,-71000
71,2803.4952000000003,-967.7843999999999,1569.4228,-71999
72,2895.2264,-968.5852,1497.5928000000004,-73002
73,2980.0804,-964.4448000000001,1412.1184,-73998
74,3056.1401606425707,-953.682329317269,1317.879518072289,-75000
75,3117.5276000000003,-938.872,1218.8836000000001,-75998
76,3173.72,-918.1831999999999,1110.34,-77000
77,3216.3516,-892.4344000000001,998.4612,-78001
78,3245.2420000000006,-863.7596000000001,888.118,-78999
79,3258.5622489959837,-832.5939759036145,781.0971887550202,-80001
80,3262.182,-798.8771999999999,676.4648000000001,-80999
81,3252.669076305221,-761.1558232931726,576.121686746988,-82002
82,3235.6764,-725.736,485.122,-82999
83,3212.4859437751006,-692.2710843373494,402.07871485943775,-84002
84,3182.7224000000006,-658.13,326.0312,-84998
85,3149.2648000000004,-627.9196,259.2656,-86000
86,3112.7712,-598.8972000000001,202.0172,-86999
87,3073.2943999999998,-571.7096000000001,150.37,-87999
88,3033.6284,-546.9596000000001,105.50319999999999,-88998
89,2995.08,-525.9671999999999,68.9964,-89998
90,2957.152,-507.0912,37.312,-90999
91,2922.6076,-488.8312000000001,10.296,-91999
92,2889.6648,-474.7776,-10.296,-92999
93,2857.8923999999997,-461.98240000000004,-29.2556,-94002
94,2829.3320000000003,-450.9912,-43.2564,-94999
95,2803.768,-441.54,-57.0724,-96000
96,2783.0395999999996,-434.896,-66.17160000000001,-97000
97,2762.4872,-428.05840000000006,-75.2136,-97999
98,2746.6252000000004,-424.3404000000001,-81.91040000000001,-98998
99,2734.7892,-421.8852,-88.20679999999999,-99999
100,2724.7528,-419.6412,-93.6936,-101007
101,2719.2704000000003,-421.38360000000006,-97.94839999999999,-102000
102,2715.9264000000003,-422.43960000000004,-102.432,-102997
103,2715.9748000000004,-423.19640000000004,-107.5052,-103999
104,2718.144,-425.8716000000001,-113.18560000000001,-104999
105,2724.7132,-430.48280000000005,-118.7516,-105999
106,2734.1248000000005,-435.8904,-126.02480000000001,-107001
107,2748.6404,-444.3736,-135.46280000000002,-107999
108,2766.4912000000004,-454.18120000000005,-146.53320000000002,-108998
109,2784.8568000000005,-465.0844,-159.566,-109999
110,2806.3156,-477.1316,-174.9748,-110999
111,2830.0835341365464,-490.7943775100402,-196.2815261044177,-111997
112,2856.722,-507.21440000000007,-220.88,-112999
113,2885.5429718875503,-526.4714859437751,-250.38032128514055,-114001
114,2916.3288000000002,-546.788,-286.0132,-115000
115,2946.702,-569.052,-327.162,-116000
116,2977.8452,-593.6304,-374.93719999999996,-117001
117,3006.3044000000004,-619.2736000000001,-430.3860000000001,-117999
118,3030.8313253012047,-647.2815261044177,-495.2076305220884,-119001
119,3053.3492,-677.7056,-569.9583999999999,-120000
120,3068.4787148594382,-708.1570281124497,-649.3489959839359,-120999
121,3076.9948,-737.6248,-737.9151999999999,-122002
122,3075.71,-767.294,-831.6483999999999,-123004
123,3064.9168,-796.4616,-928.6463999999999,-123998
124,3041.522,-821.8408000000001,-1030.4272,-125001
125,3006.6387999999997,-844.1004,-1131.2488,-126002
126,2958.2036000000003,-862.7608,-1232.6116000000002,-127000
127,2902.4952000000003,-875.0588,-1322.0944,-128001
128,2837.8812000000003,-884.3692000000001,-1408.3344000000002,-128997
129,2759.724,-888.4744000000001,-1492.3612000000003,-130001
130,2676.9732000000004,-887.832,-1562.9416,-131002
131,2590.0644,-882.706,-1623.7892000000002,-132006
132,2494.8572000000004,-873.9676,-1676.8048000000001,-133002
133,2397.5759036144577,-860.3987951807228,-1716.1767068273093,-133998
134,2301.0812,-844.3116000000001,-1745.3084000000001,-135002
135,2203.8456,-826.6411999999999,-1768.9716,-135999
136,2106.8784000000005,-807.2768000000001,-1783.1352000000002,-136999
137,2012.692,-786.192,-1787.9752,-138006
138,1919.9884,-764.0556000000001,-1787.2668,-138998
139,1831.3636000000001,-741.0392,-1782.506,-139999
140,1746.4084,-718.1196000000001,-1770.3532000000002,-141000
141,1666.3372,-696.5024000000001,-1755.5472,-142001
142,1587.3352000000002,-674.6036000000001,-1737.5556000000001,-143007
143,1511.5936000000002,-653.8928000000001,-1716.792,-144000
144,1440.5028,-631.2724000000001,-1693.692,-145003
145,1371.2468000000001,-609.0788,-1667.7100000000003,-146000
146,1307.306,-588.1964,-1640.9272,-146998
147,1245.8116,-568.2467999999999,-1613.1016000000002,-148001
148,1188.7788,-549.3091999999999,-1583.8591999999999,-148999
149,1132.0276000000001,-531.0931999999999,-1554.0976,-150002
150,1078.556626506024,-513.2228915662652,-1524.4586345381526,-150998
151,1028.0688,-495.92400000000004,-1494.548,-151997
152,980.0383999999999,-477.422,-1464.2803999999999,-152998
153,934.8636,-461.5512,-1433.8632,-154001
154,890.582,-446.1512000000001,-1404.4492000000002,-154998
155,857.4148,-434.94000000000005,-1380.324,-156001
156,813.5952,-420.5344,-1348.7584,-156999
157,775.5704000000001,-406.84159999999997,-1318.2048,-158000
158,744.2204,-395.55559999999997,-1293.512,-158998
159,709.4603999999999,-384.24320000000006,-1264.758,-159999
160,675.4132,-372.11240000000004,-1234.8336000000002,-161007
161,647.1432,-361.086,-1209.758,-162002
162,619.0976,-350.9176000000001,-1182.8696,-163001
163,589.4856000000001,-342.078,-1155.7568,-163996
164,564.6696000000001,-333.6344,-1131.46,-165001
165,540.6236000000001,-325.26120000000003,-1106.9343999999999,-166002
166,515.8472,-315.7352,-1081.8236000000002,-167002
167,492.5844,-307.7052,-1056.7656000000002,-167997
168,471.8648,-301.48800000000006,-1035.034,-168999
169,451.0132,-295.7944,-1011.3312,-169998
170,430.364,-289.9644,-989.0144000000001,-171001
171,412.02920000000006,-282.8364,-968.748,-172000
172,394.21360000000004,-275.946,-946.6908000000001,-173006
173,375.37280000000004,-268.95,-925.0691999999999,-174001
174,358.402,-262.2884,-904.5783999999999,-175000
175,342.50480000000005,-256.9072,-883.96,-176000
176,327.822,-251.8428,-864.2084,-176998
177,312.03040000000004,-246.41759999999996,-845.1476000000001,-177999
178,297.52360000000004,-240.41599999999997,-825.0572,-178999
179,282.9156,-235.708,-806.3792000000001,-179998
180,272.4436,-231.48839999999998,-792.2376,-181002
181,258.96200000000005,-225.5528,-772.8864000000001,-182000
182,246.83293172690762,-221.12208835341366,-754.4939759036145,-183000
183,237.16879999999998,-218.93079999999998,-740.2736000000001,-183998
184,225.26239999999996,-214.4648,-722.7660000000001,-184994
185,213.37359999999998,-208.9868,-705.606,-185999
186,204.05880000000002,-205.0576,-689.7352000000001,-187002
187,194.1852,-201.5068,-676.0115999999999,-188002
188,184.73839999999998,-198.0352,-659.8328,-188996
189,175.93840000000003,-194.722,-644.9036000000001,-190001
190,167.772,-191.54960000000003,-631.4792000000001,-191000
191,158.92128514056222,-188.43132530120482,-616.7730923694779,-192003
192,150.6252,-185.40720000000002,-603.2796000000001,-193004
193,142.846,-183.1544,-589.6528000000001,-194001
194,136.1844,-178.9216,-576.2636,-195000
195,128.5988,-174.56560000000002,-562.848,-195998
196,121.95421686746988,-170.9550200803213,-550.1060240963856,-197002
197,115.31960000000001,-168.7884,-538.8196,-197999
198,108.856,-166.66759999999996,-526.1608,-199001
199,103.12720000000002,-162.88359999999997,-514.6856,-200000
200,96.76039999999999,-159.7596,-503.10920000000004,-200998
201,91.10200000000002,-158.1404,-491.7,-202000
202,85.888,-155.3816,-481.4172000000001,-202998
203,80.85,-154.2068,-469.66040000000004,-204000
204,75.97919999999999,-153.2036,-459.4392,-205004
205,71.6276,-151.52280000000002,-449.11680000000007,-205999
206,69.0712,-151.04319999999998,-439.68760000000003,-207000
207,64.438,-149.23040000000003,-430.01200000000006,-207998
208,59.82240000000001,-147.29440000000002,-420.4200000000001,-208998
209,56.166,-147.422,-411.07880000000006,-209997
210,52.725199999999994,-145.60479999999998,-401.7772,-211003
211,49.058232931726906,-144.3120481927711,-392.78393574297195,-212001
212,46.0724,-143.0176,-385.0968,-212998
213,42.592,-141.57,-376.178,-213999
214,39.18639999999999,-140.39959999999996,-367.5012000000001,-214998
215,37.1404,-139.502,-359.3964,-216000
216,34.078,-138.424,-351.25640000000004,-217006
217,31.394000000000002,-137.1436,-343.53,-218000
218,28.124800000000004,-136.4528,-336.5472,-219003
219,25.8324,-135.81480000000002,-328.812,-220002
220,23.922800000000002,-134.4112,-322.01840000000004,-221004
221,21.714,-133.69400000000002,-315.0752,-222001
222,19.8572,-132.81400000000002,-308.154,-223002
223,17.670682730923694,-131.54497991967872,-301.7534136546185,-223999
224,15.774,-131.3092,-295.16080000000005,-224999
225,14.41,-130.4556,-288.03280000000007,-226002
226,11.5148,-129.712,-281.952,-227001
227,10.9252,-128.4932,-276.5928,-228003
228,9.02,-128.2908,-269.6452,-229009
229,7.59,-128.3788,-264.7524,-230001
230,6.0852,-127.952,-259.116,-231002
231,4.928,-127.688,-252.96040000000002,-231996
232,3.1768,-126.9664,-246.9456,-233002
233,2.3144000000000005,-127.58239999999999,-242.55,-234000
234,1.0558232931726907,-126.78714859437751,-237.4674698795181,-235000
235,-0.22440000000000002,-126.544,-231.88879999999997,-235998
236,-1.0560000000000003,-126.4428,-227.282,-237000
237,-2.31,-125.76960000000001,-223.55079999999998,-238001
238,-3.1365461847389557,-125.07751004016066,-217.39357429718876,-238992
239,-7.273200000000001,-122.9756,-196.2224,-239781
